0 282.3651956203
1 -3.0000000000
2 262.9557931057
3 564.7303935287
0 282.3651958178
1 -3.0000000000
2 262.9557935422
3 564.7303936388
0 282.3651966204
1 -3.0000000000
2 262.9557929967
3 564.7303934088
0 282.3651956170
1 -3.0000000000
2 262.9557935460
3 564.7303934036
0 282.3651960879
1 -3.0000000000
2 262.9557934638
3 564.7303934223
0 282.3651963986
1 -3.0000000000
2 262.9557934129
3 564.7303937545
0 282.3651957197
1 -3.0000000000
2 262.9557932161
3 564.7303937446
0 282.3651958464
1 -3.0000000000
2 262.9557929211
3 564.7303933994
0 282.3651960727
1 -3.0000000000
2 262.9557934629
3 564.7303936751
0 282.3651954919
1 -3.0000000000
2 262.9557930610
3 564.7303933533
0 282.3651968258
1 -3.0000000000
2 262.9557927111
3 564.7303934415
0 282.3651955986
1 -3.0000000000
2 262.9557934511
3 564.7303934985
0 282.3651960435
1 -3.0000000000
2 262.9557930538
3 564.7303933342
0 282.3651960481
1 -3.0000000000
2 262.9557928982
3 564.7303932351
0 282.3651952358
1 -3.0000000000
2 262.9557930716
3 564.7303934407
0 282.3651956448
1 -3.0000000000
2 262.9557929386
3 564.7303932009
0 282.3651949827
1 -3.0000000000
2 262.9557924618
3 564.7303931349
0 282.3651958052
1 -3.0000000000
2 262.9557925704
3 564.7303934692
0 282.3651959229
1 -3.0000000000
2 262.9557926538
3 564.7303933609
0 282.3651957876
1 -3.0000000000
2 262.9557928365
3 564.7303933166
0 282.3651960326
1 -3.0000000000
2 262.9557927332
3 564.7303932792
0 282.3651959104
1 -3.0000000000
2 262.9557926108
3 564.7303934567
0 282.3651957747
1 -3.0000000000
2 262.9557927373
3 564.7303931440
