0 262.9557923740
1 -3.0000000000
2 262.9557927854
3 564.7303921707
0 282.3651999050
1 -3.0000000000
2 262.9557916865
3 564.7303924450
0 282.3651998879
1 -3.0000000000
2 262.9557917690
3 564.7303926269
0 282.3651999052
1 -3.0000000000
2 262.9557916444
3 564.7303924428
0 282.3651999706
1 -3.0000000000
2 262.9557916734
3 564.7303924103
0 282.3651998540
1 -3.0000000000
2 262.9557914752
3 564.7303926163
0 282.3651998534
1 -3.0000000000
2 262.9557917994
3 564.7303925436
0 282.3651998608
1 -3.0000000000
2 262.9557915781
3 564.7303924399
0 282.3651998503
1 -3.0000000000
2 262.9557918425
3 564.7303925621
0 282.3651999123
1 -3.0000000000
2 262.9557916181
3 564.7303925232
0 282.3651997928
1 -3.0000000000
2 262.9557917138
3 564.7303922469
0 282.3651998031
1 -3.0000000000
2 262.9557916036
3 564.7303925970
0 282.3651997169
1 -3.0000000000
2 262.9557918720
3 564.7303926163
0 282.3651998325
1 -3.0000000000
2 262.9557916459
3 564.7303929104
0 282.3651997724
1 -3.0000000000
2 262.9557918083
3 564.7303927198
0 282.3651996865
1 -3.0000000000
2 262.9557916258
3 564.7303928242
0 282.3651998738
1 -3.0000000000
2 262.9557916787
3 564.7303927641
0 282.3651998029
1 -3.0000000000
2 262.9557918431
3 564.7303925658
0 282.3651997338
1 -3.0000000000
2 262.9557917625
3 564.7303926798
0 282.3651997791
1 -3.0000000000
2 262.9557920758
3 564.7303927300
0 282.3651998717
1 -3.0000000000
2 262.9557916329
3 564.7303926560
0 282.3651996772
1 -3.0000000000
2 262.9557919239
3 564.7303926951
0 282.3651999028
1 -3.0000000000
2 262.9557918849
3 564.7303929219
0 282.3651997334
1 -3.0000000000
2 262.9557917711
3 564.7303929090
0 282.3651996370
1 -3.0000000000
2 262.9557918431
3 564.7303926636
0 282.3651996479
1 -3.0000000000
2 262.9557918642
3 564.7303926686
0 282.3651997243
1 -3.0000000000
2 262.9557915208
3 564.7303927934
0 282.3651997000
1 -3.0000000000
2 262.9557916495
3 564.7303926994
0 282.3651997399
1 -3.0000000000
2 262.9557915803
3 564.7303927271
0 282.3651997272
1 -3.0000000000
2 262.9557919040
3 564.7303925880
0 282.3651997864
1 -3.0000000000
2 262.9557919002
3 564.7303926646
0 282.3651997103
1 -3.0000000000
2 262.9557918083
3 564.7303925822
0 282.3651998291
1 -3.0000000000
2 262.9557912895
3 564.7303926718
0 282.3651997385
1 -3.0000000000
2 262.9557915613
3 564.7303925713
0 282.3651996835
1 -3.0000000000
2 262.9557919621
3 564.7303925951
0 282.3651997380
1 -3.0000000000
2 262.9557918170
3 564.7303927378
0 282.3651997393
1 -3.0000000000
2 262.9557915398
3 564.7303926180
0 282.3651997385
1 -3.0000000000
2 262.9557917721
3 564.7303925458
0 282.3651997135
1 -3.0000000000
2 262.9557915890
3 564.7303928532
0 282.3651997328
1 -3.0000000000
2 262.9557914219
3 564.7303925751
0 282.3651997914
1 -3.0000000000
2 262.9557916052
3 564.7303926054
0 282.3651997975
1 -3.0000000000
2 262.9557919008
3 564.7303923713
0 282.3651996889
1 -3.0000000000
2 262.9557914842
3 564.7303924461
0 282.3651997454
1 -3.0000000000
2 262.9557917414
3 564.7303927068
0 282.3651998391
1 -3.0000000000
2 262.9557917688
3 564.7303926544
0 282.3651997425
1 -3.0000000000
2 262.9557916943
3 564.7303925497
0 282.3651998750
1 -3.0000000000
2 262.9557917138
3 564.7303924083
0 282.3651996985
1 -3.0000000000
2 262.9557917240
3 564.7303923839
0 282.3651998704
1 -3.0000000000
2 262.9557915481
3 564.7303925229
0 282.3651997641
1 -3.0000000000
2 262.9557915689
3 564.7303925564
0 282.3651996770
1 -3.0000000000
2 262.9557918470
3 564.7303925095
0 282.3651997044
1 -3.0000000000
2 262.9557917095
3 564.7303925454
0 282.3651997818
1 -3.0000000000
2 262.9557916859
3 564.7303924213
0 282.3651997094
1 -3.0000000000
2 262.9557919631
3 564.7303926393
0 282.3651997940
1 -3.0000000000
2 262.9557918583
3 564.7303925156
0 282.3651998661
1 -3.0000000000
2 262.9557916361
3 564.7303925523
0 282.3651997656
1 -3.0000000000
2 262.9557916346
3 564.7303924601
0 282.3651997883
1 -3.0000000000
2 262.9557914863
3 564.7303923095
0 282.3651998142
1 -3.0000000000
2 262.9557916707
3 564.7303925072
0 282.3651996561
1 -3.0000000000
2 262.9557918610
3 564.7303924882
0 282.3651997431
1 -3.0000000000
2 262.9557915216
3 564.7303923129
0 282.3651999541
1 -3.0000000000
2 262.9557915892
3 564.7303922836
0 282.3651996547
1 -3.0000000000
2 262.9557917565
3 564.7303923167
0 282.3651998800
1 -3.0000000000
2 262.9557917988
3 564.7303924990
0 282.3651998413
1 -3.0000000000
2 262.9557914577
3 564.7303924108
0 282.3651997409
1 -3.0000000000
2 262.9557916789
3 564.7303925291
0 282.3651996950
1 -3.0000000000
2 262.9557915920
3 564.7303925330
0 282.3651998157
1 -3.0000000000
2 262.9557916119
3 564.7303923905
0 282.3651997698
1 -3.0000000000
2 262.9557918954
3 564.7303923939
0 282.3651997800
1 -3.0000000000
2 262.9557918379
3 564.7303921451
0 282.3651996752
1 -3.0000000000
2 262.9557912756
3 564.7303923765
0 282.3651998022
1 -3.0000000000
2 262.9557915441
3 564.7303925529
0 282.3651997978
1 -3.0000000000
2 262.9557913589
3 564.7303924817
0 282.3651996474
1 -3.0000000000
2 262.9557918565
3 564.7303924249
0 282.3651997108
1 -3.0000000000
2 262.9557915317
3 564.7303925323
0 282.3651996910
1 -3.0000000000
2 262.9557913249
3 564.7303923979
0 282.3651997164
1 -3.0000000000
2 262.9557917765
3 564.7303925271
0 282.3651996740
1 -3.0000000000
2 262.9557917362
3 564.7303927318
0 282.3651997301
1 -3.0000000000
2 262.9557917379
3 564.7303924471
0 282.3651997839
1 -3.0000000000
2 262.9557913371
3 564.7303924459
0 282.3651996744
1 -3.0000000000
2 262.9557915063
3 564.7303922783
0 282.3651999118
1 -3.0000000000
2 262.9557915238
3 564.7303925886
0 282.3651999132
1 -3.0000000000
2 262.9557917472
3 564.7303925530
0 282.3651998363
1 -3.0000000000
2 262.9557917339
3 564.7303923655
0 282.3651997735
1 -3.0000000000
2 262.9557916981
3 564.7303928981
0 282.3651997321
1 -3.0000000000
2 262.9557917387
3 564.7303923220
0 282.3651996584
1 -3.0000000000
2 262.9557915871
3 564.7303925258
0 282.3651998322
1 -3.0000000000
2 262.9557915948
3 564.7303925624
0 282.3651996934
1 -3.0000000000
2 262.9557916609
3 564.7303925338
0 282.3651996642
1 -3.0000000000
2 262.9557919702
3 564.7303926098
0 282.3651997856
1 -3.0000000000
2 262.9557916558
3 564.7303921973
0 282.3651997722
1 -3.0000000000
2 262.9557915488
3 564.7303924458
0 282.3651995975
1 -3.0000000000
2 262.9557918438
3 564.7303923141
0 282.3651996795
1 -3.0000000000
2 262.9557919036
3 564.7303924298
0 282.3651999080
1 -3.0000000000
2 262.9557917072
3 564.7303923972
0 282.3651997634
1 -3.0000000000
2 262.9557916965
3 564.7303924764
0 282.3651998681
1 -3.0000000000
2 262.9557917499
3 564.7303925767
0 282.3651996405
1 -3.0000000000
2 262.9557916602
3 564.7303926470
0 282.3651997194
1 -3.0000000000
2 262.9557917192
3 564.7303924318
0 282.3651997227
1 -3.0000000000
2 262.9557916981
3 564.7303922554
0 282.3651998238
1 -3.0000000000
2 262.9557918659
3 564.7303924881
0 282.3651997906
1 -3.0000000000
2 262.9557916480
3 564.7303927116
0 282.3651995939
1 -3.0000000000
2 262.9557918294
3 564.7303922553
0 282.3651997105
1 -3.0000000000
2 262.9557915353
3 564.7303923829
0 282.3652000346
1 -3.0000000000
2 262.9557916720
3 564.7303926452
0 282.3651998143
1 -3.0000000000
2 262.9557918721
3 564.7303924442
0 282.3651997133
1 -3.0000000000
2 262.9557917270
3 564.7303924387
0 282.3651998707
1 -3.0000000000
2 262.9557918610
3 564.7303925015
0 282.3651997694
1 -3.0000000000
2 262.9557915338
3 564.7303925293
0 282.3651996426
1 -3.0000000000
2 262.9557917858
3 564.7303927049
0 282.3651997113
1 -3.0000000000
2 262.9557921028
3 564.7303925505
0 282.3651996825
1 -3.0000000000
2 262.9557917256
3 564.7303925785
0 282.3651997167
1 -3.0000000000
2 262.9557917068
3 564.7303923601
0 282.3651997186
1 -3.0000000000
2 262.9557919521
3 564.7303928388
0 282.3651997567
1 -3.0000000000
2 262.9557916491
3 564.7303927563
0 282.3651997468
1 -3.0000000000
2 262.9557916127
3 564.7303928052
0 282.3651996708
1 -3.0000000000
2 262.9557920154
3 564.7303924165
0 282.3651997850
1 -3.0000000000
2 262.9557918078
3 564.7303928337
0 282.3651996123
1 -3.0000000000
2 262.9557918096
3 564.7303927258
0 282.3651996667
1 -3.0000000000
2 262.9557919648
3 564.7303928494
0 282.3651997851
1 -3.0000000000
2 262.9557916114
3 564.7303926307
0 282.3651997815
1 -3.0000000000
2 262.9557915734
3 564.7303927032
0 282.3651996276
1 -3.0000000000
2 262.9557914364
3 564.7303928156
0 282.3651997933
1 -3.0000000000
2 262.9557919341
3 564.7303926637
0 282.3651996579
1 -3.0000000000
2 262.9557915756
3 564.7303928005
0 282.3651997629
1 -3.0000000000
2 262.9557919598
3 564.7303924792
0 282.3651996748
1 -3.0000000000
2 262.9557919005
3 564.7303926189
0 282.3651995597
1 -3.0000000000
2 262.9557919391
3 564.7303926581
0 282.3651996924
1 -3.0000000000
2 262.9557918388
3 564.7303929855
0 282.3651997029
1 -3.0000000000
2 262.9557918613
3 564.7303925482
0 282.3651997255
1 -3.0000000000
2 262.9557919170
3 564.7303925464
0 282.3651997266
1 -3.0000000000
2 262.9557919387
3 564.7303924697
0 282.3651998801
1 -3.0000000000
2 262.9557915704
3 564.7303927646
0 282.3651995128
1 -3.0000000000
2 262.9557915334
3 564.7303927358
0 282.3651996927
1 -3.0000000000
2 262.9557917679
3 564.7303927235
0 282.3651996526
1 -3.0000000000
2 262.9557916874
3 564.7303922767
0 282.3651996896
1 -3.0000000000
2 262.9557917105
3 564.7303927345
0 282.3651996433
1 -3.0000000000
2 262.9557919223
3 564.7303925938
0 282.3651997391
1 -3.0000000000
2 262.9557918301
3 564.7303924828
0 282.3651996052
1 -3.0000000000
2 262.9557916131
3 564.7303927818
0 282.3651997172
1 -3.0000000000
2 262.9557916686
3 564.7303925562
0 282.3651997544
1 -3.0000000000
2 262.9557914394
3 564.7303927877
0 282.3651996626
1 -3.0000000000
2 262.9557914656
3 564.7303924325
0 282.3651995997
1 -3.0000000000
2 262.9557915779
3 564.7303926918
0 282.3651997240
1 -3.0000000000
2 262.9557915924
3 564.7303926004
0 282.3651996442
1 -3.0000000000
2 262.9557917247
3 564.7303924827
0 282.3651997041
1 -3.0000000000
2 262.9557916056
3 564.7303923754
0 282.3651997200
1 -3.0000000000
2 262.9557918224
3 564.7303925309
0 282.3651997283
1 -3.0000000000
2 262.9557915211
3 564.7303925314
0 282.3651995823
1 -3.0000000000
2 262.9557916548
3 564.7303925988
0 282.3651996079
1 -3.0000000000
2 262.9557916621
3 564.7303923643
0 282.3651997358
1 -3.0000000000
2 262.9557915764
3 564.7303922716
0 282.3651995869
1 -3.0000000000
2 262.9557916895
3 564.7303921989
0 282.3651996481
1 -3.0000000000
2 262.9557918958
3 564.7303924234
0 282.3651996826
1 -3.0000000000
2 262.9557917841
3 564.7303923225
0 282.3651996213
1 -3.0000000000
2 262.9557913589
3 564.7303922588
0 282.3651996755
1 -3.0000000000
2 262.9557914075
3 564.7303924094
0 282.3651997221
1 -3.0000000000
2 262.9557916447
3 564.7303925999
0 282.3651997340
1 -3.0000000000
2 262.9557916007
3 564.7303923449
0 282.3651997791
1 -3.0000000000
2 262.9557915333
3 564.7303922490
0 282.3651998191
1 -3.0000000000
2 262.9557915115
3 564.7303924340
0 282.3651996491
1 -3.0000000000
2 262.9557916690
3 564.7303924763
0 282.3651995680
1 -3.0000000000
2 262.9557916293
3 564.7303925082
0 282.3651996399
1 -3.0000000000
2 262.9557913289
3 564.7303922466
0 282.3651997860
1 -3.0000000000
2 262.9557915764
3 564.7303922061
0 282.3651997315
1 -3.0000000000
2 262.9557918906
3 564.7303922456
0 282.3651996884
1 -3.0000000000
2 262.9557916547
3 564.7303922412
0 282.3651997346
1 -3.0000000000
2 262.9557916147
3 564.7303922677
0 282.3651997231
1 -3.0000000000
2 262.9557916495
3 564.7303924056
0 282.3651997285
1 -3.0000000000
2 262.9557915040
3 564.7303921963
0 282.3651996506
1 -3.0000000000
2 262.9557915552
3 564.7303924487
0 282.3651996510
1 -3.0000000000
2 262.9557916460
3 564.7303921539
0 282.3651997375
1 -3.0000000000
2 262.9557916408
3 564.7303924081
0 282.3651996303
1 -3.0000000000
2 262.9557918142
3 564.7303923558
0 282.3651997482
1 -3.0000000000
2 262.9557912443
3 564.7303922332
0 282.3651995858
1 -3.0000000000
2 262.9557916371
3 564.7303923235
0 282.3651996286
1 -3.0000000000
2 262.9557914851
3 564.7303924587
0 282.3651995543
1 -3.0000000000
2 262.9557915416
3 564.7303926033
0 282.3651996385
1 -3.0000000000
2 262.9557916706
3 564.7303921531
0 282.3651997832
1 -3.0000000000
2 262.9557918342
3 564.7303925601
0 282.3651998281
1 -3.0000000000
2 262.9557918136
3 564.7303926320
0 282.3651996308
1 -3.0000000000
2 262.9557915691
3 564.7303925466
0 282.3651996617
1 -3.0000000000
2 262.9557915908
3 564.7303923406
0 282.3651997094
1 -3.0000000000
2 262.9557913946
3 564.7303922987
0 282.3651997291
1 -3.0000000000
2 262.9557915849
3 564.7303922537
0 282.3651995516
1 -3.0000000000
2 262.9557915860
3 564.7303922640
0 282.3651996305
1 -3.0000000000
2 262.9557918284
3 564.7303923557
0 282.3651997291
1 -3.0000000000
2 262.9557919904
3 564.7303922070
0 282.3651997036
1 -3.0000000000
2 262.9557917932
3 564.7303923427
0 282.3651996014
1 -3.0000000000
2 262.9557915091
3 564.7303926122
0 282.3651995098
1 -3.0000000000
2 262.9557916023
3 564.7303922561
0 282.3651998032
1 -3.0000000000
2 262.9557918175
3 564.7303923836
0 282.3651997098
1 -3.0000000000
2 262.9557915798
3 564.7303925600
0 282.3651996547
1 -3.0000000000
2 262.9557914946
3 564.7303924321
0 282.3651997727
1 -3.0000000000
2 262.9557914191
3 564.7303925911
0 282.3651995499
1 -3.0000000000
2 262.9557915376
3 564.7303925442
0 282.3651997501
1 -3.0000000000
2 262.9557912930
3 564.7303926589
0 282.3651997690
1 -3.0000000000
2 262.9557914693
3 564.7303926674
0 282.3651997426
1 -3.0000000000
2 262.9557915741
3 564.7303924142
0 282.3651997609
1 -3.0000000000
2 262.9557913972
3 564.7303925487
0 282.3651996723
1 -3.0000000000
2 262.9557920110
3 564.7303921638
0 282.3651995302
1 -3.0000000000
2 262.9557917420
3 564.7303923757
0 282.3651996595
1 -3.0000000000
2 262.9557914222
3 564.7303925261
0 282.3651997526
1 -3.0000000000
2 262.9557918040
3 564.7303924310
0 282.3651996073
1 -3.0000000000
2 262.9557917877
3 564.7303925507
0 282.3651998467
1 -3.0000000000
2 262.9557918331
3 564.7303923583
0 282.3651997770
1 -3.0000000000
2 262.9557918213
3 564.7303924189
0 282.3651997764
1 -3.0000000000
2 262.9557914583
3 564.7303925254
0 282.3651997858
1 -3.0000000000
2 262.9557917247
3 564.7303920829
0 282.3651996436
1 -3.0000000000
2 262.9557917561
3 564.7303924872
0 282.3651998754
1 -3.0000000000
2 262.9557916455
3 564.7303924215
0 282.3651996888
1 -3.0000000000
2 262.9557913013
3 564.7303925694
0 282.3651998964
1 -3.0000000000
2 262.9557915725
3 564.7303925238
0 282.3651996364
1 -3.0000000000
2 262.9557916553
3 564.7303924668
0 282.3651996277
1 -3.0000000000
2 262.9557915930
3 564.7303925167
0 282.3651995602
1 -3.0000000000
2 262.9557914966
3 564.7303921022
0 282.3651997411
1 -3.0000000000
2 262.9557916850
3 564.7303922580
0 282.3651997171
1 -3.0000000000
2 262.9557916844
3 564.7303923513
0 282.3651997395
1 -3.0000000000
2 262.9557917588
3 564.7303924478
0 282.3651996653
1 -3.0000000000
2 262.9557918584
3 564.7303926653
0 282.3651996784
1 -3.0000000000
2 262.9557916304
3 564.7303922558
0 282.3651996386
1 -3.0000000000
2 262.9557915201
3 564.7303922707
0 282.3651996492
1 -3.0000000000
2 262.9557917734
3 564.7303924615
0 282.3651994259
1 -3.0000000000
2 262.9557915649
3 564.7303923880
0 282.3651996529
1 -3.0000000000
2 262.9557916946
3 564.7303923183
0 282.3651997619
1 -3.0000000000
2 262.9557915877
3 564.7303924772
0 282.3651995654
1 -3.0000000000
2 262.9557917315
3 564.7303924229
0 282.3651997667
1 -3.0000000000
2 262.9557916911
3 564.7303923057
0 282.3651998665
1 -3.0000000000
2 262.9557918823
3 564.7303924541
0 282.3651998322
1 -3.0000000000
2 262.9557915847
3 564.7303923283
0 282.3651996521
1 -3.0000000000
2 262.9557916762
3 564.7303923729
0 282.3651996453
1 -3.0000000000
2 262.9557917785
3 564.7303923622
0 282.3651997306
1 -3.0000000000
2 262.9557915721
3 564.7303926857
0 282.3651998400
1 -3.0000000000
2 262.9557912420
3 564.7303923185
0 282.3651998704
1 -3.0000000000
2 262.9557917072
3 564.7303923427
0 282.3651997118
1 -3.0000000000
2 262.9557915192
3 564.7303923817
0 282.3651996948
1 -3.0000000000
2 262.9557914799
3 564.7303921150
0 282.3651996344
1 -3.0000000000
2 262.9557918317
3 564.7303923945
0 282.3651998695
1 -3.0000000000
2 262.9557913605
3 564.7303924609
0 282.3651997746
1 -3.0000000000
2 262.9557918806
3 564.7303923103
0 282.3651997690
1 -3.0000000000
2 262.9557917526
3 564.7303923204
0 282.3651996294
1 -3.0000000000
2 262.9557914568
3 564.7303924675
0 282.3651996438
1 -3.0000000000
2 262.9557918824
3 564.7303924505
0 282.3651997594
1 -3.0000000000
2 262.9557915387
3 564.7303924525
0 282.3651998681
1 -3.0000000000
2 262.9557918092
3 564.7303926298
0 282.3651995890
1 -3.0000000000
2 262.9557915280
3 564.7303924937
0 282.3651996959
1 -3.0000000000
2 262.9557914946
3 564.7303923594
0 282.3651997348
1 -3.0000000000
2 262.9557915560
3 564.7303925908
0 282.3651996858
1 -3.0000000000
2 262.9557913302
3 564.7303923078
0 282.3651998283
1 -3.0000000000
2 262.9557914519
3 564.7303927526
0 282.3651997507
1 -3.0000000000
2 262.9557916979
3 564.7303924943
0 282.3651995622
1 -3.0000000000
2 262.9557916149
3 564.7303924903
0 282.3651997162
1 -3.0000000000
2 262.9557915643
3 564.7303926330
0 282.3651995205
1 -3.0000000000
2 262.9557917558
3 564.7303928430
0 282.3651996762
1 -3.0000000000
2 262.9557916538
3 564.7303925706
0 282.3651996959
1 -3.0000000000
2 262.9557917171
3 564.7303924591
0 282.3651997034
1 -3.0000000000
2 262.9557917263
3 564.7303927103
0 282.3651997256
1 -3.0000000000
2 262.9557919217
3 564.7303926716
0 282.3651996483
1 -3.0000000000
2 262.9557916722
3 564.7303925178
0 282.3651998055
1 -3.0000000000
2 262.9557915124
3 564.7303925003
0 282.3651997801
1 -3.0000000000
2 262.9557914129
3 564.7303923752
0 282.3651998112
1 -3.0000000000
2 262.9557916969
3 564.7303926846
0 282.3651996542
1 -3.0000000000
2 262.9557913801
3 564.7303925590
0 282.3651996508
1 -3.0000000000
2 262.9557916050
3 564.7303924865
0 282.3651995022
1 -3.0000000000
2 262.9557915867
3 564.7303924291
0 282.3651995865
1 -3.0000000000
2 262.9557915036
3 564.7303925935
0 282.3651997502
1 -3.0000000000
2 262.9557918598
3 564.7303924735
0 282.3651996366
1 -3.0000000000
2 262.9557919010
3 564.7303926620
0 282.3651995200
1 -3.0000000000
2 262.9557916564
3 564.7303925205
0 282.3651997312
1 -3.0000000000
2 262.9557917479
3 564.7303923990
0 282.3651996349
1 -3.0000000000
2 262.9557918657
3 564.7303926796
0 282.3651996669
1 -3.0000000000
2 262.9557915608
3 564.7303925591
0 282.3651996776
1 -3.0000000000
2 262.9557914386
3 564.7303923469
0 282.3651997279
1 -3.0000000000
2 262.9557917922
3 564.7303925670
0 282.3651997274
1 -3.0000000000
2 262.9557915307
3 564.7303925017
0 282.3651997479
1 -3.0000000000
2 262.9557914193
3 564.7303924838
0 282.3651996436
1 -3.0000000000
2 262.9557915786
3 564.7303927208
0 282.3651997431
1 -3.0000000000
2 262.9557914737
3 564.7303926462
0 282.3651996834
1 -3.0000000000
2 262.9557915453
3 564.7303926313
0 282.3651996620
1 -3.0000000000
2 262.9557913633
3 564.7303925583
0 282.3651995712
1 -3.0000000000
2 262.9557916468
3 564.7303925917
0 282.3651996638
1 -3.0000000000
2 262.9557915738
3 564.7303929433
0 282.3651995241
1 -3.0000000000
2 262.9557913288
3 564.7303928855
0 282.3651996416
1 -3.0000000000
2 262.9557916293
3 564.7303926874
0 282.3651996721
1 -3.0000000000
2 262.9557918099
3 564.7303925972
0 282.3651997496
1 -3.0000000000
2 262.9557918066
3 564.7303923319
0 282.3651996611
1 -3.0000000000
2 262.9557914721
3 564.7303925353
0 282.3651995721
1 -3.0000000000
2 262.9557919532
3 564.7303927081
0 282.3651995454
1 -3.0000000000
2 262.9557913573
3 564.7303925666
0 282.3651997695
1 -3.0000000000
2 262.9557915223
3 564.7303926306
0 282.3651998935
1 -3.0000000000
2 262.9557915722
3 564.7303924783
0 282.3651997233
1 -3.0000000000
2 262.9557918406
3 564.7303928265
0 282.3651997296
1 -3.0000000000
2 262.9557917781
3 564.7303927330
0 282.3651996623
1 -3.0000000000
2 262.9557920210
3 564.7303921818
0 282.3651995895
1 -3.0000000000
2 262.9557916967
3 564.7303927905
0 282.3651995922
1 -3.0000000000
2 262.9557917129
3 564.7303926186
0 282.3651995989
1 -3.0000000000
2 262.9557917089
3 564.7303924515
0 282.3651998103
1 -3.0000000000
2 262.9557915372
3 564.7303925682
0 282.3651996257
1 -3.0000000000
2 262.9557916548
3 564.7303926179
