0 282.3651973155
1 364.9770513571
2 262.9557903908
3 564.7303885752
0 282.3651973177
1 364.9770517877
2 262.9557901971
3 564.7303884723
0 282.3651972677
1 364.9770518797
2 262.9557903312
3 564.7303887931
0 282.3651972663
1 364.9770524257
2 262.9557903070
3 564.7303884909
0 282.3651973010
1 364.9770523717
2 262.9557900057
3 564.7303890156
0 282.3651973056
1 364.9770527052
2 262.9557902441
3 564.7303889812
0 282.3651973935
1 364.9770529577
2 262.9557900838
3 564.7303888324
0 282.3651972358
1 364.9770532497
2 262.9557901422
3 564.7303891079
0 282.3651972456
1 364.9770530748
2 262.9557902708
3 564.7303889892
0 282.3651973810
1 364.9770534485
2 262.9557901615
3 564.7303894014
0 282.3651972605
1 364.9770532710
2 262.9557902836
3 564.7303889215
0 282.3651972389
1 364.9770561276
2 262.9557902225
3 564.7303892904
0 282.3651972366
1 364.9770551902
2 262.9557900686
3 564.7303890771
0 282.3651972438
1 364.9770555290
2 262.9557901951
3 564.7303890784
0 282.3651972344
1 364.9770553592
2 262.9557901788
3 564.7303890937
0 282.3651970020
1 364.9770557460
2 262.9557902046
3 564.7303891495
0 282.3651971212
1 364.9770559775
2 262.9557900831
3 564.7303889202
0 282.3651972296
1 364.9770561753
2 262.9557904423
3 564.7303888015
0 282.3651969658
1 364.9770560578
2 262.9557902821
3 564.7303891092
0 282.3651972922
1 364.9770565793
2 262.9557902215
3 564.7303886424
0 282.3651970910
1 364.9770575901
2 262.9557904805
3 564.7303889056
0 282.3651972044
1 364.9770575107
2 262.9557902066
3 564.7303890726
0 282.3651968085
1 364.9770572190
2 262.9557902182
3 564.7303889664
0 282.3651965095
1 364.9770571969
2 262.9557902809
3 564.7303891604
0 282.3651967802
1 364.9770572196
2 262.9557904146
3 564.7303895036
0 282.3651967624
1 364.9770570326
2 262.9557902763
3 564.7303894362
0 282.3651965584
1 364.9770569891
2 262.9557904015
3 564.7303887289
0 282.3651965516
1 364.9770570881
2 262.9557900802
3 564.7303884843
0 282.3651963050
1 364.9770576116
2 262.9557904644
3 564.7303884433
0 282.3651968219
1 364.9770574789
2 262.9557900434
3 564.7303888120
0 282.3651957852
1 364.9770577832
2 262.9557901579
3 564.7303888508
0 282.3651968916
1 364.9770582247
2 262.9557902246
3 564.7303893943
0 282.3651963126
1 364.9770580871
2 262.9557901102
3 564.7303890118
0 282.3651966174
1 364.9770581968
2 262.9557903920
3 564.7303885569
0 282.3651965711
1 364.9770584044
2 262.9557901286
3 564.7303885909
0 282.3651953100
1 364.9770581500
2 262.9557903776
3 564.7303888088
0 282.3651958294
1 364.9770578263
2 262.9557902791
3 564.7303891900
0 282.3651962827
1 364.9770579024
2 262.9557902338
3 564.7303886318
0 282.3651964996
1 364.9770586004
2 262.9557897691
3 564.7303886607
0 282.3651957935
1 364.9770592858
2 262.9557903986
3 564.7303887051
0 282.3651964560
1 364.9770593734
2 262.9557900956
3 564.7303881771
0 282.3651954331
1 364.9770596533
2 262.9557901895
3 564.7303890947
0 282.3651965003
1 364.9770600254
2 262.9557901559
3 564.7303883738
0 282.3651950839
1 364.9770598344
2 262.9557903324
3 564.7303886636
0 282.3651950033
1 364.9770600584
2 262.9557903176
3 564.7303886359
0 282.3651949522
1 364.9770601895
2 262.9557899510
3 564.7303883208
0 282.3651958776
1 364.9770598717
2 262.9557904270
3 564.7303888175
0 282.3651964254
1 364.9770597801
2 262.9557902987
3 564.7303881744
0 282.3651956732
1 364.9770595358
2 262.9557904960
3 564.7303884699
0 282.3651951899
1 364.9770595232
2 262.9557901841
3 564.7303883563
0 282.3651953359
1 364.9770593803
2 262.9557901870
3 564.7303882010
0 282.3651959802
1 364.9770593533
2 262.9557901081
3 564.7303885216
0 282.3651954645
1 364.9770594928
2 262.9557901418
3 564.7303885389
0 282.3651957232
1 364.9770591137
2 262.9557902522
3 564.7303883964
0 282.3651944579
1 364.9770592189
2 262.9557902963
3 564.7303882666
0 282.3651962391
1 364.9770595786
2 262.9557902458
3 564.7303881974
0 282.3651946517
1 364.9770587480
2 262.9557899044
3 564.7303883455
0 282.3651950499
1 364.9770582967
2 262.9557899366
3 564.7303886074
0 282.3651949576
1 364.9770584992
2 262.9557901152
3 564.7303886747
0 282.3651950179
1 364.9770580879
2 262.9557899954
3 564.7303881970
0 282.3651953687
1 364.9770579406
2 262.9557901036
3 564.7303886572
0 282.3651954001
1 364.9770579773
2 262.9557900701
3 564.7303887247
0 282.3651958841
1 364.9770589058
2 262.9557900619
3 564.7303879309
0 282.3651956290
1 364.9770585557
2 262.9557901416
3 564.7303884869
0 282.3651946230
1 364.9770586251
2 262.9557896870
3 564.7303881946
0 282.3651945727
1 364.9770586185
2 262.9557900006
3 564.7303884646
0 282.3651944742
1 364.9770584072
2 262.9557900170
3 564.7303883546
0 282.3651934970
1 364.9770582887
2 262.9557902583
3 564.7303884284
0 282.3651944498
1 364.9770583053
2 262.9557900654
3 564.7303885440
0 282.3651946310
1 364.9770581956
2 262.9557898589
3 564.7303882388
0 282.3651940491
1 364.9770580888
2 262.9557899238
3 564.7303883976
0 282.3651946988
1 364.9770579907
2 262.9557897983
3 564.7303881823
0 282.3651932483
1 364.9770580846
2 262.9557900230
3 564.7303884546
0 282.3651948558
1 364.9770583281
2 262.9557898771
3 564.7303882926
0 282.3651950071
1 364.9770582807
2 262.9557897598
3 564.7303883305
0 282.3651948155
1 364.9770584370
2 262.9557895178
3 564.7303885796
0 282.3651947016
1 364.9770587073
2 262.9557898398
3 564.7303886859
0 282.3651940527
1 364.9770589604
2 262.9557897296
3 564.7303883244
0 282.3651947983
1 364.9770590333
2 262.9557899282
3 564.7303883371
0 282.3651943544
1 364.9770592550
2 262.9557898014
3 564.7303885239
0 282.3651945856
1 364.9770593692
2 262.9557895780
3 564.7303885987
0 282.3651946513
1 364.9770599403
2 262.9557893430
3 564.7303887267
0 282.3651942469
1 364.9770597494
2 262.9557898340
3 564.7303886273
0 282.3651944978
1 364.9770603500
2 262.9557896154
3 564.7303887003
0 282.3651945698
1 364.9770602998
2 262.9557894778
3 564.7303881138
0 282.3651936417
1 364.9770603183
2 262.9557896643
3 564.7303881037
0 282.3651937168
1 364.9770610111
2 262.9557898261
3 564.7303885022
0 282.3651939237
1 364.9770612688
2 262.9557897282
3 564.7303884800
0 282.3651947212
1 364.9770610630
2 262.9557897185
3 564.7303887178
0 282.3651944589
1 364.9770616511
2 262.9557898907
3 564.7303876302
0 282.3651946361
1 364.9770616033
2 262.9557894116
3 564.7303883366
0 282.3651946747
1 364.9770609509
2 262.9557894082
3 564.7303889325
0 282.3651949760
1 364.9770612573
2 262.9557891779
3 564.7303883745
0 282.3651943209
1 364.9770620222
2 262.9557892734
3 564.7303883458
0 282.3651945900
1 364.9770624618
2 262.9557893425
3 564.7303888583
0 282.3651943490
1 364.9770619817
2 262.9557891964
3 564.7303890100
0 282.3651940821
1 364.9770618260
2 262.9557893431
3 564.7303886610
0 282.3651950062
1 364.9770614376
2 262.9557894427
3 564.7303883012
0 282.3651939209
1 364.9770618594
2 262.9557891662
3 564.7303888837
0 282.3651944510
1 364.9770622979
2 262.9557890507
3 564.7303886320
0 282.3651936938
1 364.9770620722
2 262.9557892488
3 564.7303885263
0 282.3651935379
1 364.9770624911
2 262.9557890010
3 564.7303890729
0 282.3651940896
1 364.9770632916
2 262.9557893321
3 564.7303886113
0 282.3651942515
1 364.9770632003
2 262.9557887772
3 564.7303887562
0 282.3651937224
1 364.9770637943
2 262.9557887128
3 564.7303883081
0 282.3651941105
1 364.9770640778
2 262.9557891431
3 564.7303887279
0 282.3651941945
1 364.9770640876
2 262.9557888321
3 564.7303885795
0 282.3651941306
1 364.9770641746
2 262.9557888256
3 564.7303882489
0 282.3651942896
1 364.9770647945
2 262.9557888433
3 564.7303886051
0 282.3651942845
1 364.9770646617
2 262.9557886374
3 564.7303889448
0 282.3651936301
1 364.9770647281
2 262.9557882810
3 564.7303880675
0 282.3651942153
1 364.9770648792
2 262.9557883556
3 564.7303881350
0 282.3651941148
1 364.9770650775
2 262.9557888598
3 564.7303883796
0 282.3651940226
1 364.9770651794
2 262.9557884518
3 564.7303887069
0 282.3651942273
1 364.9770656724
2 262.9557884331
3 564.7303889589
0 282.3651942486
1 364.9770655435
2 262.9557882726
3 564.7303881775
0 282.3651941382
1 364.9770651636
2 262.9557884402
3 564.7303882789
0 282.3651943538
1 364.9770655760
2 262.9557885979
3 564.7303884771
0 282.3651941002
1 364.9770650846
2 262.9557879389
3 564.7303884379
0 282.3651942910
1 364.9770656702
2 262.9557885104
3 564.7303883503
0 282.3651939563
1 364.9770652624
2 262.9557882639
3 564.7303886076
0 282.3651942149
1 364.9770652941
2 262.9557879796
3 564.7303885205
0 282.3651936563
1 364.9770648362
2 262.9557878742
3 564.7303887688
0 282.3651940656
1 364.9770649827
2 262.9557881397
3 564.7303880354
0 282.3651938932
1 364.9770647237
2 262.9557878294
3 564.7303883594
0 282.3651939801
1 364.9770646281
2 262.9557878663
3 564.7303882114
0 282.3651939705
1 364.9770650859
2 262.9557878225
3 564.7303883473
0 282.3651939880
1 364.9770646877
2 262.9557883331
3 564.7303884064
0 282.3651939456
1 364.9770648221
2 262.9557878858
3 564.7303888255
0 282.3651942096
1 364.9770652926
2 262.9557873466
3 564.7303886832
0 282.3651942742
1 364.9770649615
2 262.9557874925
3 564.7303880761
0 282.3651940075
1 364.9770649372
2 262.9557874423
3 564.7303892926
0 282.3651944465
1 364.9770650284
2 262.9557877267
3 564.7303884475
0 282.3651939341
1 364.9770650699
2 262.9557877923
3 564.7303889457
0 282.3651939060
1 364.9770651241
2 262.9557871890
3 564.7303886733
0 282.3651940724
1 364.9770650682
2 262.9557873893
3 564.7303884276
0 282.3651939144
1 364.9770654007
2 262.9557875336
3 564.7303886376
0 282.3651940497
1 364.9770654954
2 262.9557874633
3 564.7303886405
0 282.3651940943
1 364.9770655827
2 262.9557873128
3 564.7303889868
0 282.3651944216
1 364.9770655744
2 262.9557877004
3 564.7303883982
0 282.3651939592
1 364.9770653912
2 262.9557871151
3 564.7303885168
0 282.3651935107
1 364.9770656293
2 262.9557873845
3 564.7303885669
0 282.3651937315
1 364.9770651555
2 262.9557871205
3 564.7303888448
0 282.3651938314
1 364.9770652977
2 262.9557874550
3 564.7303885346
0 282.3651934355
1 364.9770655114
2 262.9557870215
3 564.7303895283
0 282.3651942690
1 364.9770660032
2 262.9557872110
3 564.7303890550
0 282.3651937702
1 364.9770657431
2 262.9557871347
3 564.7303888399
0 282.3651939451
1 364.9770656568
2 262.9557868964
3 564.7303884253
0 282.3651935634
1 364.9770653993
2 262.9557868672
3 564.7303885077
0 282.3651939433
1 364.9770653179
2 262.9557866622
3 564.7303885605
0 282.3651937510
1 364.9770657245
2 262.9557866250
3 564.7303888651
0 282.3651939489
1 364.9770819295
2 262.9557867815
3 564.7303892584
0 282.3651942836
1 364.9771041031
2 262.9557866039
3 564.7303896004
0 282.3651937249
1 364.9771240500
2 262.9557864829
3 564.7303891213
0 282.3651939774
1 364.9771403148
2 262.9557864659
3 564.7303889426
0 282.3651937193
1 364.9771592433
2 262.9557866284
3 564.7303893076
0 282.3651938389
1 364.9771756685
2 262.9557866536
3 564.7303881735
0 282.3651938403
1 364.9771969105
2 262.9557860239
3 564.7303890590
0 282.3651939319
1 364.9772270161
2 262.9557866755
3 564.7303891437
0 282.3651938126
1 364.9756481989
2 262.9557865389
3 564.7303895557
0 282.3651937827
1 364.9756701611
2 262.9557865464
3 564.7303888821
0 282.3651940159
1 364.9756952517
2 262.9557861322
3 564.7303897819
0 282.3651940061
1 364.9757049818
2 262.9557866572
3 564.7303884736
0 282.3651937137
1 364.9757020331
2 262.9557865279
3 564.7303889455
0 282.3651936715
1 364.9756944411
2 262.9557860713
3 564.7303892087
0 282.3651941544
1 364.9756945845
2 262.9557864574
3 564.7303882560
0 282.3651939824
1 364.9756955198
2 262.9557862058
3 564.7303888695
0 282.3651938931
1 364.9756954953
2 262.9557860767
3 564.7303889890
0 282.3651940558
1 364.9756959494
2 262.9557861117
3 564.7303891330
0 282.3651938512
1 364.9756960224
2 262.9557857778
3 564.7303892343
0 282.3651939881
1 364.9756960433
2 262.9557861876
3 564.7303889579
0 282.3651940742
1 364.9756963561
2 262.9557857749
3 564.7303889901
0 282.3651941506
1 364.9756967686
2 262.9557860489
3 564.7303897629
0 282.3651937596
1 364.9756967869
2 262.9557860421
3 564.7303891795
0 282.3651937279
1 364.9756970205
2 262.9557857039
3 564.7303890983
0 282.3651941323
1 364.9756974297
2 262.9557859622
3 564.7303886267
0 282.3651940717
1 364.9756978684
2 262.9557858196
3 564.7303887255
0 282.3651937651
1 364.9756976572
2 262.9557856291
3 564.7303886823
0 282.3651940886
1 364.9756986567
2 262.9557857348
3 564.7303886427
0 282.3651936796
1 364.9756991496
2 262.9557853742
3 564.7303888518
0 282.3651940155
1 364.9756994148
2 262.9557850288
3 564.7303888894
0 282.3651937811
1 364.9756997741
2 262.9557861682
3 564.7303887651
0 282.3651938110
1 364.9757000786
2 262.9557853829
3 564.7303887975
0 282.3651941073
1 364.9757006179
2 262.9557854331
3 564.7303890213
0 282.3651939651
1 364.9756994050
2 262.9557856197
3 564.7303885366
0 282.3651937527
1 364.9757008358
2 262.9557853754
3 564.7303891347
0 282.3651940604
1 364.9757015835
2 262.9557854508
3 564.7303897251
0 282.3651936430
1 364.9757017093
2 262.9557851300
3 564.7303890572
0 282.3651940917
1 364.9757022034
2 262.9557854415
3 564.7303890919
0 282.3651939135
1 364.9757027752
2 262.9557849950
3 564.7303893939
0 282.3651940613
1 364.9757031331
2 262.9557855707
3 564.7303887940
0 282.3651935558
1 364.9757036008
2 262.9557854894
3 564.7303890879
0 282.3651939639
1 364.9757033046
2 262.9557853013
3 564.7303893387
0 282.3651939511
1 364.9757035627
2 262.9557849611
3 564.7303890628
0 282.3651939629
1 364.9757043177
2 262.9557852883
3 564.7303888730
0 282.3651942039
1 364.9757049218
2 262.9557850683
3 564.7303889306
0 282.3651938244
1 364.9757049198
2 262.9557851443
3 564.7303889336
0 282.3651940860
1 364.9757057129
2 262.9557847049
3 564.7303891465
0 282.3651944301
1 364.9757054235
2 262.9557852201
3 564.7303885999
0 282.3651937025
1 364.9757064090
2 262.9557846404
3 564.7303888608
0 282.3651939979
1 364.9757064101
2 262.9557850871
3 564.7303889811
0 282.3651937989
1 364.9757071609
2 262.9557852689
3 564.7303891694
0 282.3651937630
1 364.9757071939
2 262.9557847679
3 564.7303888716
0 282.3651938984
1 364.9757074393
2 262.9557850928
3 564.7303886496
0 282.3651938701
1 364.9757108210
2 262.9557851380
3 564.7303893729
0 282.3651940552
1 364.9757283423
2 262.9557850565
3 564.7303884649
0 282.3651939877
1 364.9757488757
2 262.9557850493
3 564.7303889012
0 282.3651941869
1 364.9757655134
2 262.9557846650
3 564.7303892789
0 282.3651940807
1 364.9757699545
2 262.9557846153
3 564.7303892236
0 282.3651936855
1 364.9757934367
2 262.9557845364
3 564.7303892668
0 282.3651939782
1 364.9758519610
2 262.9557842873
3 564.7303889871
0 282.3651941620
1 364.9759250866
2 262.9557846909
3 564.7303894400
0 282.3651939546
1 364.9769476594
2 262.9557844433
3 564.7303890493
0 282.3651939287
1 364.9784427994
2 262.9557842017
3 564.7303889410
0 282.3651939514
1 364.9800532101
2 262.9557845872
3 564.7303896348
0 282.3651939307
1 364.9801176538
2 262.9557840364
3 564.7303892392
0 282.3651941886
1 364.9801465737
2 262.9557846918
3 564.7303888127
0 282.3651939708
1 364.9801105280
2 262.9557842720
3 564.7303888537
0 282.3651941612
1 364.9800254001
2 262.9557843599
3 564.7303889925
0 282.3651938224
1 364.9798714498
2 260.5234656460
3 564.7303891859
0 282.3651940809
1 364.9797515659
2 260.5234655140
3 564.7303892168
0 282.3651939548
1 364.9797099902
2 262.9557842911
3 564.7303887833
0 282.3651938682
1 364.9796472786
2 262.9557838589
3 564.7303891541
0 282.3651938487
1 364.9795883763
2 262.9557841889
3 564.7303889437
0 282.3651941717
1 364.9795417697
2 262.9557842257
3 564.7303888400
0 282.3651938371
1 364.9794695609
2 262.9557837343
3 564.7303886579
0 282.3651940933
1 364.9793976557
2 262.9557840089
3 564.7303889779
0 282.3651940457
1 364.9793602642
2 262.9557843014
3 564.7303890759
0 282.3651937970
1 364.9792730079
2 262.9557839408
3 564.7303891188
0 282.3651938582
1 364.9791981497
2 262.9557839998
3 564.7303889223
0 282.3651939615
1 364.9791259038
2 262.9557840920
3 564.7303888918
0 282.3651940084
1 364.9790434150
2 260.5234655952
3 564.7303888349
0 282.3651940676
1 364.9789392673
2 260.5234656720
3 564.7303883870
0 282.3651942221
1 364.9788664355
2 262.9557842239
3 564.7303894184
0 282.3651942072
1 364.9787990597
2 260.5234652039
3 564.7303890593
0 282.3651937794
1 364.9787372797
2 260.5234657527
3 564.7303889829
0 282.3651939311
1 364.9786852621
2 260.5234658682
3 564.7303891955
0 282.3651940457
1 364.9786396747
2 260.5234659619
3 564.7303893851
0 282.3651941180
1 364.9786137846
2 260.5234655599
3 564.7303890783
0 282.3651939863
1 364.9785407898
2 260.5234656173
3 564.7303892462
0 282.3651940665
1 364.9784349686
2 260.5234656944
3 564.7303886434
0 282.3651941284
1 364.9783607422
2 260.5234657116
3 564.7303882257
0 282.3651939752
1 364.9782711500
2 260.5234655012
3 564.7303894005
0 282.3651939628
1 364.9781758635
2 279.9199816303
3 564.7303889074
0 282.3651937664
1 364.9781069949
2 279.9199818858
3 564.7303889189
0 282.3651938996
1 364.9780095758
2 279.9199812327
3 564.7303893928
0 282.3651940443
1 364.9779535989
2 279.9199812075
3 564.7303887525
0 282.3651939979
1 364.9779045909
2 260.5234655044
3 564.7303887690
0 282.3651937633
1 364.9777980535
2 279.9199818401
3 564.7303886929
0 282.3651937783
1 364.9777500932
2 279.9199810585
3 564.7303889247
0 282.3651939440
1 364.9777407272
2 279.9199812292
3 564.7303890142
0 282.3651937018
1 364.9777148120
2 279.9199813528
3 564.7303886906
0 282.3651939090
1 364.9776648240
2 279.9199814986
3 564.7303894276
