0 282.3651958162
1 -3.0000000000
2 262.9557934393
3 564.7303844076
0 282.3651955393
1 -3.0000000000
2 262.9557932884
3 564.7303828172
0 282.3651952819
1 -3.0000000000
2 262.9557931880
3 564.7303835925
0 282.3651953983
1 -3.0000000000
2 262.9557931307
3 564.7303824706
0 282.3651951308
1 -3.0000000000
2 262.9557931075
3 564.7303806093
0 282.3651941567
1 -3.0000000000
2 262.9557933561
3 564.7303818314
0 282.3651942610
1 -3.0000000000
2 262.9557933729
3 564.7303812288
0 282.3651943452
1 -3.0000000000
2 262.9557929933
3 564.7303810276
0 282.3651942135
1 -3.0000000000
2 262.9557930518
3 564.7303819324
0 282.3651947033
1 -3.0000000000
2 262.9557931188
3 564.7303824962
0 282.3651949541
1 -3.0000000000
2 262.9557934052
3 564.7303818796
0 282.3651946661
1 -3.0000000000
2 262.9557931666
3 564.7303818708
0 282.3651948150
1 -3.0000000000
2 262.9557933860
3 564.7303828817
0 282.3651949896
1 -3.0000000000
2 262.9557931353
3 564.7303828086
0 282.3651949981
1 -3.0000000000
2 262.9557931510
3 564.7303833255
0 282.3651951454
1 -3.0000000000
2 262.9557933598
3 564.7303832872
0 282.3651954940
1 -3.0000000000
2 262.9557932462
3 564.7303838793
0 282.3651957084
1 -3.0000000000
2 262.9557930404
3 564.7303835764
0 282.3651956995
1 -3.0000000000
2 262.9557931838
3 564.7303840029
0 282.3651955339
1 -3.0000000000
2 262.9557929692
3 564.7303832189
0 282.3651954823
1 -3.0000000000
2 262.9557933792
3 564.7303829182
0 282.3651948551
1 -3.0000000000
2 262.9557932400
3 564.7303824368
0 282.3651945648
1 -3.0000000000
2 262.9557930951
3 564.7303829572
0 282.3651946372
