0 282.3651996303
1 -3.0000000000
2 262.9557927137
3 564.7303921015
0 282.3651995960
1 -3.0000000000
2 262.9557917356
3 564.7303925312
0 282.3651997104
1 -3.0000000000
2 262.9557916304
3 564.7303924899
0 282.3651998160
1 -3.0000000000
2 262.9557913436
3 564.7303926903
0 282.3651995857
1 -3.0000000000
2 262.9557918428
3 564.7303927582
0 282.3651995778
1 -3.0000000000
2 262.9557918989
3 564.7303925645
0 282.3651996035
1 -3.0000000000
2 262.9557916587
3 564.7303926426
0 282.3651997579
1 -3.0000000000
2 262.9557916814
3 564.7303925690
0 282.3651995931
1 -3.0000000000
2 262.9557917099
3 564.7303926811
0 282.3651996812
1 -3.0000000000
2 262.9557918337
3 564.7303926943
0 282.3651994808
1 -3.0000000000
2 262.9557913986
3 564.7303925361
0 282.3651995788
1 -3.0000000000
2 262.9557912610
3 564.7303924172
0 282.3651997399
1 -3.0000000000
2 262.9557916707
3 564.7303926177
0 282.3651995920
1 -3.0000000000
2 262.9557918420
3 564.7303922384
0 282.3651996144
1 -3.0000000000
2 262.9557916906
3 564.7303925053
0 282.3651998342
1 -3.0000000000
2 262.9557912751
3 564.7303923825
0 282.3651994901
1 -3.0000000000
2 262.9557913397
3 564.7303923546
0 282.3651995918
1 -3.0000000000
2 262.9557914559
3 564.7303924752
0 282.3651995332
1 -3.0000000000
2 262.9557915724
3 564.7303924990
0 282.3651996821
1 -3.0000000000
2 262.9557917639
3 564.7303924694
0 282.3651996298
1 -3.0000000000
2 262.9557913936
3 564.7303924579
0 282.3651997913
1 -3.0000000000
2 262.9557915982
3 564.7303924056
0 282.3651997469
1 -3.0000000000
2 262.9557916085
3 564.7303925000
0 282.3651996216
1 -3.0000000000
2 262.9557906641
3 564.7303925016
0 282.3651997278
1 -3.0000000000
2 262.9557912636
3 564.7303926120
0 282.3651996356
1 -3.0000000000
2 262.9557914984
3 564.7303924627
0 282.3651996151
1 -3.0000000000
2 262.9557915515
3 564.7303926905
0 282.3651995378
1 -3.0000000000
2 262.9557915766
3 564.7303924511
0 282.3651996139
1 -3.0000000000
2 262.9557914924
3 564.7303925688
0 282.3651996315
1 -3.0000000000
2 262.9557916603
3 564.7303925119
0 282.3651996386
1 -3.0000000000
2 262.9557914178
3 564.7303927003
0 282.3651995410
1 -3.0000000000
2 262.9557916684
3 564.7303927750
0 282.3651995760
1 -3.0000000000
2 262.9557914256
3 564.7303927106
0 282.3651995472
1 -3.0000000000
2 262.9557917183
3 564.7303926294
0 282.3651997483
1 -3.0000000000
2 262.9557918198
3 564.7303925864
0 282.3651997458
1 -3.0000000000
2 262.9557914308
3 564.7303924265
0 282.3651996146
1 -3.0000000000
2 262.9557915577
3 564.7303924591
0 282.3651996096
1 -3.0000000000
2 262.9557916813
3 564.7303926713
0 282.3651996410
1 -3.0000000000
2 262.9557913634
3 564.7303923329
0 282.3651994658
1 -3.0000000000
2 262.9557914829
3 564.7303924215
0 282.3651997947
1 -3.0000000000
2 262.9557915488
3 564.7303924639
0 282.3651997109
1 -3.0000000000
2 262.9557914338
3 564.7303924711
0 282.3651995995
1 -3.0000000000
2 262.9557915973
3 564.7303923484
0 282.3651997485
1 -3.0000000000
2 262.9557915790
3 564.7303923432
0 282.3651997788
1 -3.0000000000
2 262.9557913770
3 564.7303925106
0 282.3651996788
1 -3.0000000000
2 262.9557912480
3 564.7303924468
0 282.3651995557
1 -3.0000000000
2 262.9557915832
3 564.7303927424
0 282.3651995723
1 -3.0000000000
2 262.9557914617
3 564.7303927981
0 282.3651995015
1 -3.0000000000
2 262.9557913180
3 564.7303927093
0 282.3651995326
1 -3.0000000000
2 262.9557914548
3 564.7303925556
0 282.3651996083
1 -3.0000000000
2 262.9557917055
3 564.7303926122
0 282.3651995781
1 -3.0000000000
2 262.9557915881
3 564.7303925722
0 282.3651996657
1 -3.0000000000
2 262.9557916122
3 564.7303930052
0 282.3651995243
1 -3.0000000000
2 262.9557912023
3 564.7303926884
0 282.3651995086
1 -3.0000000000
2 262.9557916629
3 564.7303926165
0 282.3651993699
1 -3.0000000000
2 262.9557915545
3 564.7303928701
0 282.3651997331
1 -3.0000000000
2 262.9557914180
3 564.7303926777
0 282.3651994651
1 -3.0000000000
2 262.9557914945
3 564.7303924790
0 282.3651996623
1 -3.0000000000
2 262.9557915808
3 564.7303927418
0 282.3651995606
1 -3.0000000000
2 262.9557914347
3 564.7303924181
0 282.3651995962
1 -3.0000000000
2 262.9557915713
3 564.7303926408
0 282.3651996296
1 -3.0000000000
2 262.9557917702
3 564.7303927959
0 282.3651995438
1 -3.0000000000
2 262.9557915845
3 564.7303923068
0 282.3651995895
1 -3.0000000000
2 262.9557914688
3 564.7303926420
0 282.3651995388
1 -3.0000000000
2 262.9557915620
3 564.7303925481
0 282.3651995899
1 -3.0000000000
2 262.9557914982
3 564.7303927608
0 282.3651995278
1 -3.0000000000
2 262.9557915940
3 564.7303924983
0 282.3651996259
1 -3.0000000000
2 262.9557915374
3 564.7303923793
0 282.3651995351
1 -3.0000000000
2 262.9557917185
3 564.7303925030
0 282.3651994289
1 -3.0000000000
2 262.9557912943
3 564.7303924753
0 282.3651995284
1 -3.0000000000
2 262.9557914783
3 564.7303925120
0 282.3651996041
1 -3.0000000000
2 262.9557912262
3 564.7303924588
0 282.3651995699
1 -3.0000000000
2 262.9557913742
3 564.7303926039
0 282.3651995084
1 -3.0000000000
2 262.9557916205
3 564.7303926206
0 282.3651994065
1 -3.0000000000
2 262.9557914109
3 564.7303926923
0 282.3651995658
1 -3.0000000000
2 262.9557914214
3 564.7303923370
0 282.3651995866
1 -3.0000000000
2 262.9557915474
3 564.7303924825
0 282.3651996410
1 -3.0000000000
2 262.9557915852
3 564.7303927583
0 282.3651997378
1 -3.0000000000
2 262.9557914078
3 564.7303924592
0 282.3651996293
1 -3.0000000000
2 262.9557915465
3 564.7303925495
0 282.3651994068
1 -3.0000000000
2 262.9557913928
3 564.7303926403
0 282.3651995436
1 -3.0000000000
2 262.9557913109
3 564.7303925795
0 282.3651995636
1 -3.0000000000
2 262.9557915103
3 564.7303924227
0 282.3651995620
1 -3.0000000000
2 262.9557912922
3 564.7303923348
0 282.3651996255
1 -3.0000000000
2 262.9557911554
3 564.7303925847
0 282.3651996496
1 -3.0000000000
2 262.9557913663
3 564.7303924139
0 282.3651996729
1 -3.0000000000
2 262.9557912798
3 564.7303925149
0 282.3651997017
1 -3.0000000000
2 262.9557913938
3 564.7303924930
0 282.3651995260
1 -3.0000000000
2 262.9557915014
3 564.7303925863
0 282.3651995808
1 -3.0000000000
2 262.9557915980
3 564.7303923923
0 282.3651995615
1 -3.0000000000
2 262.9557915701
3 564.7303924543
0 282.3651996779
1 -3.0000000000
2 262.9557915465
3 564.7303925816
0 282.3651994707
1 -3.0000000000
2 262.9557913277
3 564.7303923879
0 282.3651995820
1 -3.0000000000
2 262.9557913543
3 564.7303922063
0 282.3651995206
1 -3.0000000000
2 262.9557911764
3 564.7303924163
0 282.3651997125
1 -3.0000000000
2 262.9557916961
3 564.7303924200
0 282.3651996035
1 -3.0000000000
2 262.9557915257
3 564.7303923565
0 282.3651996204
1 -3.0000000000
2 262.9557914810
3 564.7303924882
0 282.3651997309
1 -3.0000000000
2 262.9557912918
3 564.7303922834
0 282.3651994597
1 -3.0000000000
2 262.9557914449
3 564.7303923936
0 282.3651993342
1 -3.0000000000
2 262.9557913992
3 564.7303924048
0 282.3651996441
1 -3.0000000000
2 262.9557912223
3 564.7303925923
0 282.3651995144
1 -3.0000000000
2 262.9557913740
3 564.7303924583
0 282.3651994015
1 -3.0000000000
2 262.9557914610
3 564.7303921770
0 282.3651997126
1 -3.0000000000
2 262.9557913350
3 564.7303922238
0 282.3651996389
1 -3.0000000000
2 262.9557913496
3 564.7303924713
0 282.3651994807
1 -3.0000000000
2 262.9557915141
3 564.7303921975
0 282.3651996215
1 -3.0000000000
2 262.9557913570
3 564.7303924066
0 282.3651996546
1 -3.0000000000
2 262.9557913803
3 564.7303925942
0 282.3651994740
1 -3.0000000000
2 262.9557915426
3 564.7303924763
0 282.3651997277
1 -3.0000000000
2 262.9557911401
3 564.7303924346
0 282.3651994757
1 -3.0000000000
2 262.9557915178
3 564.7303924158
0 282.3651994825
1 -3.0000000000
2 262.9557911309
3 564.7303925918
0 282.3651996088
1 -3.0000000000
2 262.9557913976
3 564.7303924136
0 282.3651996931
1 -3.0000000000
2 262.9557914004
3 564.7303925065
0 282.3651996199
1 -3.0000000000
2 262.9557915958
3 564.7303923257
0 282.3651995618
1 -3.0000000000
2 262.9557916420
3 564.7303923955
0 282.3651993800
1 -3.0000000000
2 262.9557911790
3 564.7303923707
0 282.3651995961
1 -3.0000000000
2 262.9557910602
3 564.7303924268
0 282.3651993733
1 -3.0000000000
2 262.9557912995
3 564.7303922617
0 282.3651995116
1 -3.0000000000
2 262.9557911977
3 564.7303924548
0 282.3651995555
1 -3.0000000000
2 262.9557916328
3 564.7303923054
0 282.3651995114
1 -3.0000000000
2 262.9557916304
3 564.7303923232
0 282.3651995837
1 -3.0000000000
2 262.9557913363
3 564.7303923144
0 282.3651995861
1 -3.0000000000
2 262.9557911767
3 564.7303923214
0 282.3651995967
1 -3.0000000000
2 262.9557913253
3 564.7303922487
0 282.3651995827
1 -3.0000000000
2 262.9557914942
3 564.7303926779
0 282.3651993981
1 -3.0000000000
2 262.9557914673
3 564.7303923236
0 282.3651993644
1 -3.0000000000
2 262.9557913076
3 564.7303922184
0 282.3651996135
1 -3.0000000000
2 262.9557914701
3 564.7303923502
0 282.3651995852
1 -3.0000000000
2 262.9557914402
3 564.7303923313
0 282.3651994829
1 -3.0000000000
2 262.9557911441
3 564.7303923861
0 282.3651995662
1 -3.0000000000
2 262.9557912139
3 564.7303921651
0 282.3651994729
1 -3.0000000000
2 262.9557914182
3 564.7303924381
0 282.3651995906
1 -3.0000000000
2 262.9557914134
3 564.7303925098
0 282.3651996180
1 -3.0000000000
2 262.9557911011
3 564.7303922107
0 282.3651994303
1 -3.0000000000
2 262.9557913984
3 564.7303923160
0 282.3651995419
1 -3.0000000000
2 262.9557911193
3 564.7303922247
0 282.3651996038
1 -3.0000000000
2 262.9557912262
3 564.7303923995
0 282.3651995996
1 -3.0000000000
2 262.9557913464
3 564.7303924145
0 282.3651994181
1 -3.0000000000
2 262.9557915142
3 564.7303922264
0 282.3651994256
1 -3.0000000000
2 262.9557914330
3 564.7303924138
0 282.3651994035
1 -3.0000000000
2 262.9557914039
3 564.7303920205
0 282.3651996034
1 -3.0000000000
2 262.9557911683
3 564.7303922292
0 282.3651996292
1 -3.0000000000
2 262.9557912635
3 564.7303924441
0 282.3651995514
1 -3.0000000000
2 262.9557915925
3 564.7303921716
0 282.3651996340
1 -3.0000000000
2 262.9557914980
3 564.7303920709
0 282.3651994223
1 -3.0000000000
2 262.9557915301
3 564.7303921316
0 282.3651994346
1 -3.0000000000
2 262.9557911721
3 564.7303921483
0 282.3651995912
1 -3.0000000000
2 262.9557912149
3 564.7303923698
0 282.3651994415
1 -3.0000000000
2 262.9557913328
3 564.7303921810
0 282.3651994983
1 -3.0000000000
2 262.9557914382
3 564.7303924649
0 282.3651995531
1 -3.0000000000
2 262.9557913790
3 564.7303922764
0 282.3651995795
1 -3.0000000000
2 262.9557912364
3 564.7303923461
0 282.3651995330
1 -3.0000000000
2 262.9557913137
3 564.7303921756
0 282.3651995272
1 -3.0000000000
2 262.9557912998
3 564.7303923942
0 282.3651995675
1 -3.0000000000
2 262.9557914418
3 564.7303923993
0 282.3651995309
1 -3.0000000000
2 262.9557914426
3 564.7303921733
0 282.3651995875
1 -3.0000000000
2 262.9557913345
3 564.7303926249
0 282.3651995120
1 -3.0000000000
2 262.9557914077
3 564.7303926518
0 282.3651993882
1 -3.0000000000
2 262.9557915328
3 564.7303923770
0 282.3651994876
1 -3.0000000000
2 262.9557915909
3 564.7303924200
0 282.3651993518
1 -3.0000000000
2 262.9557912154
3 564.7303925021
0 282.3651996319
1 -3.0000000000
2 262.9557912535
3 564.7303922358
0 282.3651995567
1 -3.0000000000
2 262.9557914279
3 564.7303923101
0 282.3651994683
1 -3.0000000000
2 262.9557915253
3 564.7303923568
0 282.3651994743
1 -3.0000000000
2 262.9557915161
3 564.7303924763
0 282.3651994947
1 -3.0000000000
2 262.9557915804
3 564.7303925319
0 282.3651995495
1 -3.0000000000
2 262.9557913981
3 564.7303923016
0 282.3651995835
1 -3.0000000000
2 262.9557914309
3 564.7303921884
0 282.3651995197
1 -3.0000000000
2 262.9557914895
3 564.7303924801
0 282.3651995870
1 -3.0000000000
2 262.9557913272
3 564.7303922659
0 282.3651994562
1 -3.0000000000
2 262.9557912072
3 564.7303926526
0 282.3651994139
1 -3.0000000000
2 262.9557914542
3 564.7303922790
0 282.3651995587
1 -3.0000000000
2 262.9557914538
3 564.7303920157
0 282.3651994786
1 -3.0000000000
2 262.9557914129
3 564.7303923825
0 282.3651993290
1 -3.0000000000
2 262.9557913492
3 564.7303922245
0 282.3651995106
1 -3.0000000000
2 262.9557916678
3 564.7303924428
0 282.3651994991
1 -3.0000000000
2 262.9557915626
3 564.7303924630
0 282.3651995043
1 -3.0000000000
2 262.9557914816
3 564.7303925291
0 282.3651995267
1 -3.0000000000
2 262.9557916364
3 564.7303924246
0 282.3651996009
1 -3.0000000000
2 262.9557915443
3 564.7303926317
0 282.3651996067
1 -3.0000000000
2 262.9557915847
3 564.7303923186
0 282.3651995994
1 -3.0000000000
2 262.9557910710
3 564.7303923408
0 282.3651997268
1 -3.0000000000
2 262.9557915231
3 564.7303922475
0 282.3651996339
1 -3.0000000000
2 262.9557915619
3 564.7303922801
0 282.3651995140
1 -3.0000000000
2 262.9557912875
3 564.7303921646
0 282.3651996944
1 -3.0000000000
2 262.9557913520
3 564.7303925484
0 282.3651996806
1 -3.0000000000
2 262.9557913941
3 564.7303925037
0 282.3651994758
1 -3.0000000000
2 262.9557915487
3 564.7303923962
0 282.3651995953
1 -3.0000000000
2 262.9557913249
3 564.7303919194
0 282.3651996374
1 -3.0000000000
2 262.9557911426
3 564.7303921709
0 282.3651996760
1 -3.0000000000
2 262.9557913864
3 564.7303921990
0 282.3651994540
1 -3.0000000000
2 262.9557911772
3 564.7303922182
0 282.3651996104
1 -3.0000000000
2 262.9557913868
3 564.7303921626
0 282.3651995671
1 -3.0000000000
2 262.9557914197
3 564.7303922440
0 282.3651996137
1 -3.0000000000
2 262.9557913291
3 564.7303922926
0 282.3651996492
1 -3.0000000000
2 262.9557916629
3 564.7303920871
0 282.3651996531
1 -3.0000000000
2 262.9557912196
3 564.7303920848
0 282.3651996199
1 -3.0000000000
2 262.9557913071
3 564.7303920343
0 282.3651996442
1 -3.0000000000
2 262.9557914285
3 564.7303921518
0 282.3651994098
1 -3.0000000000
2 262.9557910862
3 564.7303921950
0 282.3651996876
1 -3.0000000000
2 262.9557911142
3 564.7303922870
0 282.3651995078
1 -3.0000000000
2 262.9557914346
3 564.7303921699
0 282.3651994887
1 -3.0000000000
2 262.9557912534
3 564.7303921913
0 282.3651995879
1 -3.0000000000
2 262.9557914261
3 564.7303920901
0 282.3651994729
1 -3.0000000000
2 262.9557910866
3 564.7303922610
0 282.3651995864
1 -3.0000000000
2 262.9557914669
3 564.7303921533
0 282.3651996722
1 -3.0000000000
2 262.9557915713
3 564.7303925067
0 282.3651995561
1 -3.0000000000
2 262.9557912190
3 564.7303923109
0 282.3651995884
1 -3.0000000000
2 262.9557914900
3 564.7303919933
0 282.3651995126
1 -3.0000000000
2 262.9557912631
3 564.7303919764
0 282.3651996471
1 -3.0000000000
2 262.9557915468
3 564.7303921563
0 282.3651993783
1 -3.0000000000
2 262.9557914653
3 564.7303920763
0 282.3651995089
1 -3.0000000000
2 262.9557911523
3 564.7303922402
0 282.3651995675
1 -3.0000000000
2 262.9557911290
3 564.7303923016
0 282.3651994522
1 -3.0000000000
2 262.9557914413
3 564.7303922423
0 282.3651997027
1 -3.0000000000
2 262.9557912680
3 564.7303921133
0 282.3651995447
1 -3.0000000000
2 262.9557913031
3 564.7303922581
0 282.3651996491
1 -3.0000000000
2 262.9557912338
3 564.7303926052
0 282.3651995738
1 -3.0000000000
2 262.9557913700
3 564.7303921085
0 282.3651996448
1 -3.0000000000
2 262.9557914050
3 564.7303920557
0 282.3651996103
1 -3.0000000000
2 262.9557914667
3 564.7303921117
0 282.3651995246
1 -3.0000000000
2 262.9557915256
3 564.7303917431
0 282.3651995853
1 -3.0000000000
2 262.9557915317
3 564.7303921689
0 282.3651996435
1 -3.0000000000
2 262.9557909749
3 564.7303922491
0 282.3651995289
1 -3.0000000000
2 262.9557912747
3 564.7303923370
0 282.3651995636
1 -3.0000000000
2 262.9557917326
3 564.7303922636
0 282.3651996681
1 -3.0000000000
2 262.9557914905
3 564.7303921371
0 282.3651995718
1 -3.0000000000
2 262.9557915602
3 564.7303922479
0 282.3651995810
1 -3.0000000000
2 262.9557914484
3 564.7303923236
0 282.3651995374
1 -3.0000000000
2 262.9557911777
3 564.7303921389
0 282.3651996629
1 -3.0000000000
2 262.9557915301
3 564.7303921368
0 282.3651996301
1 -3.0000000000
2 262.9557911370
3 564.7303922122
0 282.3651994764
1 -3.0000000000
2 262.9557911396
3 564.7303922622
0 282.3651996315
1 -3.0000000000
2 262.9557912665
3 564.7303921144
0 282.3651996168
1 -3.0000000000
2 262.9557915168
3 564.7303919946
0 282.3651996544
1 -3.0000000000
2 262.9557912760
3 564.7303923603
0 282.3651994941
1 -3.0000000000
2 262.9557913708
3 564.7303923298
0 282.3651995435
1 -3.0000000000
2 262.9557913135
3 564.7303922138
0 282.3651996500
1 -3.0000000000
2 262.9557911311
3 564.7303923037
0 282.3651995582
1 -3.0000000000
2 262.9557913084
3 564.7303921765
0 282.3651996296
1 -3.0000000000
2 262.9557914844
3 564.7303924382
0 282.3651996709
1 -3.0000000000
2 262.9557913902
3 564.7303919295
0 282.3651994417
1 -3.0000000000
2 262.9557912622
3 564.7303922272
0 282.3651994479
1 -3.0000000000
2 262.9557914271
3 564.7303920450
0 282.3651995888
1 -3.0000000000
2 262.9557912003
3 564.7303923434
0 282.3651995995
1 -3.0000000000
2 262.9557911835
3 564.7303920141
0 282.3651995973
1 -3.0000000000
2 262.9557915147
3 564.7303922571
0 282.3651995690
1 -3.0000000000
2 262.9557913754
3 564.7303922365
0 282.3651994891
1 -3.0000000000
2 262.9557911785
3 564.7303923015
0 282.3651995838
1 -3.0000000000
2 262.9557914421
3 564.7303919130
0 282.3651994725
1 -3.0000000000
2 262.9557913579
3 564.7303922576
0 282.3651995696
1 -3.0000000000
2 262.9557915968
3 564.7303922307
0 282.3651997281
1 -3.0000000000
2 262.9557915179
3 564.7303923990
0 282.3651996081
1 -3.0000000000
2 262.9557912039
3 564.7303923251
0 282.3651997455
1 -3.0000000000
2 262.9557913257
3 564.7303920637
0 282.3651996061
1 -3.0000000000
2 262.9557912455
3 564.7303921574
0 282.3651996361
1 -3.0000000000
2 262.9557912429
3 564.7303919943
0 282.3651996550
1 -3.0000000000
2 262.9557914710
3 564.7303921730
0 282.3651995837
1 -3.0000000000
2 262.9557913347
3 564.7303923481
0 282.3651996095
1 -3.0000000000
2 262.9557912813
3 564.7303920777
0 282.3651995415
1 -3.0000000000
2 262.9557916316
3 564.7303924122
0 282.3651995581
1 -3.0000000000
2 262.9557911947
3 564.7303920752
0 282.3651995308
1 -3.0000000000
2 262.9557911974
3 564.7303922240
0 282.3651997293
1 -3.0000000000
2 262.9557914565
3 564.7303922851
0 282.3651995981
1 -3.0000000000
2 262.9557914552
3 564.7303919987
0 282.3651997249
1 -3.0000000000
2 262.9557911960
3 564.7303921710
0 282.3651996125
1 -3.0000000000
2 262.9557916670
3 564.7303919585
0 282.3651995953
1 -3.0000000000
2 262.9557915384
3 564.7303920752
0 282.3651996754
1 -3.0000000000
2 262.9557909562
3 564.7303922402
0 282.3651997965
1 -3.0000000000
2 262.9557913676
3 564.7303922407
0 282.3651996545
1 -3.0000000000
2 262.9557913532
3 564.7303925153
0 282.3651994991
1 -3.0000000000
2 262.9557914135
3 564.7303925624
0 282.3651995588
1 -3.0000000000
2 262.9557914340
3 564.7303921558
0 282.3651996075
1 -3.0000000000
2 262.9557912820
3 564.7303923332
0 282.3651996159
1 -3.0000000000
2 262.9557915429
3 564.7303925627
0 282.3651996279
1 -3.0000000000
2 262.9557914245
3 564.7303923861
0 282.3651996052
1 -3.0000000000
2 262.9557916037
3 564.7303925689
0 282.3651996895
1 -3.0000000000
2 262.9557915036
3 564.7303922514
0 282.3651995916
1 -3.0000000000
2 262.9557913063
3 564.7303925160
0 282.3651994756
1 -3.0000000000
2 262.9557913235
3 564.7303924729
0 282.3651994938
1 -3.0000000000
2 262.9557912425
3 564.7303924441
0 282.3651995651
1 -3.0000000000
2 262.9557913951
3 564.7303923583
0 282.3651995942
1 -3.0000000000
2 262.9557913508
3 564.7303923809
0 282.3651996125
1 -3.0000000000
2 262.9557912628
3 564.7303923136
0 282.3651996427
1 -3.0000000000
2 262.9557912661
3 564.7303924205
0 282.3651995833
1 -3.0000000000
2 262.9557917683
3 564.7303922542
0 282.3651995373
1 -3.0000000000
2 262.9557914934
3 564.7303922137
0 282.3651995256
1 -3.0000000000
2 262.9557912078
3 564.7303923421
0 282.3651995825
1 -3.0000000000
2 262.9557914568
3 564.7303923706
0 282.3651995423
1 -3.0000000000
2 262.9557915928
3 564.7303924631
0 282.3651996761
1 -3.0000000000
2 262.9557912583
3 564.7303921501
0 282.3651995595
1 -3.0000000000
2 262.9557915066
3 564.7303923104
0 282.3651995971
1 -3.0000000000
2 262.9557915536
3 564.7303924275
0 282.3651995687
1 -3.0000000000
2 262.9557916376
3 564.7303923707
0 282.3651995272
1 -3.0000000000
2 262.9557912791
3 564.7303924501
0 282.3651995569
1 -3.0000000000
2 262.9557913760
3 564.7303925107
0 282.3651997837
1 -3.0000000000
2 262.9557915336
3 564.7303924168
0 282.3651996032
1 -3.0000000000
2 262.9557915698
3 564.7303925532
0 282.3651996241
1 -3.0000000000
2 262.9557916232
3 564.7303926235
0 282.3651995269
1 -3.0000000000
2 262.9557913384
3 564.7303923446
0 282.3651995618
1 -3.0000000000
2 262.9557915846
3 564.7303923461
0 282.3651995433
1 -3.0000000000
2 262.9557914846
3 564.7303925388
0 282.3651994793
1 -3.0000000000
2 262.9557914318
3 564.7303923204
0 282.3651994780
1 -3.0000000000
2 262.9557914883
3 564.7303927898
0 282.3651994453
1 -3.0000000000
2 262.9557914897
3 564.7303927128
0 282.3651995656
1 -3.0000000000
2 262.9557915694
3 564.7303927658
0 282.3651995381
1 -3.0000000000
2 262.9557914625
3 564.7303925121
0 282.3651994744
1 -3.0000000000
2 262.9557915952
3 564.7303924961
0 282.3651994594
1 -3.0000000000
2 262.9557914705
3 564.7303925107
0 282.3651995787
1 -3.0000000000
2 262.9557914118
3 564.7303927139
0 282.3651993907
1 -3.0000000000
2 262.9557914588
3 564.7303924794
0 282.3651995143
1 -3.0000000000
2 262.9557915797
3 564.7303925575
0 282.3651995204
1 -3.0000000000
2 262.9557914863
3 564.7303925820
0 282.3651994618
1 -3.0000000000
2 262.9557918396
3 564.7303924996
0 282.3651996538
1 -3.0000000000
2 262.9557914097
3 564.7303926416
0 282.3651994873
1 -3.0000000000
2 262.9557917266
3 564.7303926635
0 282.3651995809
1 -3.0000000000
2 262.9557913798
3 564.7303926852
0 282.3651994710
1 -3.0000000000
2 262.9557915532
3 564.7303926523
0 282.3651996314
1 -3.0000000000
2 262.9557915383
3 564.7303929251
0 282.3651996227
1 -3.0000000000
2 262.9557918248
3 564.7303928302
0 282.3651996180
1 -3.0000000000
2 262.9557915745
3 564.7303924206
0 282.3651993701
1 -3.0000000000
2 262.9557916060
3 564.7303925516
0 282.3651993235
1 -3.0000000000
2 262.9557917086
3 564.7303926066
0 282.3651993143
1 -3.0000000000
2 262.9557914223
3 564.7303926904
0 282.3651993689
1 -3.0000000000
2 262.9557915394
3 564.7303924962
0 282.3651995995
1 -3.0000000000
2 262.9557918997
3 564.7303926252
0 282.3651994673
1 -3.0000000000
2 262.9557915104
3 564.7303927522
0 282.3651995409
1 -3.0000000000
2 262.9557915259
3 564.7303927210
0 282.3651994900
1 -3.0000000000
2 262.9557915673
3 564.7303926514
0 282.3651995622
1 -3.0000000000
2 262.9557915380
3 564.7303928419
0 282.3651994280
1 -3.0000000000
2 262.9557915983
3 564.7303927882
0 282.3651995743
1 -3.0000000000
2 262.9557915859
3 564.7303925521
0 282.3651994307
1 -3.0000000000
2 262.9557915810
3 564.7303927492
0 282.3651996080
1 -3.0000000000
2 262.9557916585
3 564.7303926390
0 282.3651994064
1 -3.0000000000
2 262.9557916645
3 564.7303926730
0 282.3651995529
1 -3.0000000000
2 262.9557913444
3 564.7303924636
0 282.3651995103
1 -3.0000000000
2 262.9557917804
3 564.7303928092
0 282.3651995715
1 -3.0000000000
2 262.9557917669
3 564.7303928058
0 282.3651994858
1 -3.0000000000
2 262.9557914592
3 564.7303926416
0 282.3651995177
1 -3.0000000000
2 262.9557915302
3 564.7303925495
0 282.3651995307
1 -3.0000000000
2 262.9557914211
3 564.7303927305
0 282.3651994620
1 -3.0000000000
2 262.9557914404
3 564.7303926655
0 282.3651995929
1 -3.0000000000
2 262.9557916324
3 564.7303923152
0 282.3651994420
1 -3.0000000000
2 262.9557915153
3 564.7303927564
0 282.3651994860
1 -3.0000000000
2 262.9557915449
3 564.7303925585
0 282.3651994764
1 -3.0000000000
2 262.9557918903
3 564.7303928100
0 282.3651995684
1 -3.0000000000
2 262.9557916907
3 564.7303925973
0 282.3651993428
1 -3.0000000000
2 262.9557916331
3 564.7303924294
0 282.3651994721
1 -3.0000000000
2 262.9557916979
3 564.7303921980
0 282.3651996225
1 -3.0000000000
2 262.9557917069
3 564.7303925981
0 282.3651996460
1 -3.0000000000
2 262.9557916340
3 564.7303925501
0 282.3651995414
1 -3.0000000000
2 262.9557914811
3 564.7303926488
0 282.3651996886
1 -3.0000000000
2 262.9557913506
3 564.7303924767
0 282.3651994844
1 -3.0000000000
2 262.9557913934
3 564.7303926041
0 282.3651995200
1 -3.0000000000
2 262.9557913235
3 564.7303927236
0 282.3651997120
1 -3.0000000000
2 262.9557915402
3 564.7303927145
0 282.3651995533
1 -3.0000000000
2 262.9557916233
3 564.7303923339
0 282.3651995664
1 -3.0000000000
2 262.9557915997
3 564.7303924836
0 282.3651995899
1 -3.0000000000
2 262.9557914725
3 564.7303927883
0 282.3651995832
1 -3.0000000000
2 262.9557914925
3 564.7303925964
0 282.3651995426
1 -3.0000000000
2 262.9557914767
3 564.7303925447
0 282.3651994626
1 -3.0000000000
2 262.9557915059
3 564.7303923859
0 282.3651994511
1 -3.0000000000
2 262.9557914096
3 564.7303924034
0 282.3651994349
1 -3.0000000000
2 262.9557915794
3 564.7303927844
0 282.3651996061
1 -3.0000000000
2 262.9557913746
3 564.7303923156
0 282.3651993831
1 -3.0000000000
2 262.9557912419
3 564.7303927071
0 282.3651993863
1 -3.0000000000
2 262.9557917716
3 564.7303927717
0 282.3651995213
1 -3.0000000000
2 262.9557914929
3 564.7303928532
0 282.3651996090
1 -3.0000000000
2 262.9557917521
3 564.7303924828
0 282.3651996035
1 -3.0000000000
2 262.9557914826
3 564.7303924576
0 282.3651995116
1 -3.0000000000
2 262.9557914297
3 564.7303922871
0 282.3651996488
1 -3.0000000000
2 262.9557915719
3 564.7303925924
0 282.3651996808
1 -3.0000000000
2 262.9557915510
3 564.7303926041
0 282.3651996195
1 -3.0000000000
2 262.9557915028
3 564.7303927326
0 282.3651994665
1 -3.0000000000
2 262.9557913529
3 564.7303928780
0 282.3651994550
1 -3.0000000000
2 262.9557913001
3 564.7303925053
0 282.3651994212
1 -3.0000000000
2 262.9557916104
3 564.7303928435
0 282.3651994273
1 -3.0000000000
2 262.9557916132
3 564.7303926194
0 282.3651996556
1 -3.0000000000
2 262.9557913213
3 564.7303924311
0 282.3651996149
1 -3.0000000000
2 262.9557913997
3 564.7303925124
0 282.3651995329
1 -3.0000000000
2 262.9557915965
3 564.7303926729
0 282.3651995710
1 -3.0000000000
2 262.9557916544
3 564.7303924449
0 282.3651996309
1 -3.0000000000
2 262.9557916429
3 564.7303923585
0 282.3651995776
1 -3.0000000000
2 262.9557913964
3 564.7303925070
0 282.3651995392
1 -3.0000000000
2 262.9557910913
3 564.7303923951
0 282.3651994828
1 -3.0000000000
2 262.9557915962
3 564.7303926049
0 282.3651996947
1 -3.0000000000
2 262.9557914517
3 564.7303928139
0 282.3651995703
1 -3.0000000000
2 262.9557913806
3 564.7303924558
0 282.3651995537
1 -3.0000000000
2 262.9557916610
3 564.7303924126
0 282.3651995393
1 -3.0000000000
2 262.9557915384
3 564.7303923925
0 282.3651996144
1 -3.0000000000
2 262.9557917015
3 564.7303924075
0 282.3651996024
1 -3.0000000000
2 262.9557917616
3 564.7303926456
0 282.3651995292
1 -3.0000000000
2 262.9557916575
3 564.7303922586
0 282.3651996096
1 -3.0000000000
2 262.9557912951
3 564.7303925190
0 282.3651995866
1 -3.0000000000
2 262.9557916007
3 564.7303923516
0 282.3651995766
1 -3.0000000000
2 262.9557913818
3 564.7303921558
0 282.3651996116
1 -3.0000000000
2 262.9557913503
3 564.7303926892
0 282.3651997187
1 -3.0000000000
2 262.9557914648
3 564.7303926439
0 282.3651995811
1 -3.0000000000
2 262.9557913089
3 564.7303924624
0 282.3651996654
1 -3.0000000000
2 262.9557915346
3 564.7303923763
0 282.3651994404
1 -3.0000000000
2 262.9557920197
3 564.7303924297
0 282.3651994847
1 -3.0000000000
2 262.9557914927
3 564.7303924834
0 282.3651995429
1 -3.0000000000
2 262.9557915425
3 564.7303927533
0 282.3651996057
1 -3.0000000000
2 262.9557914856
3 564.7303924428
0 282.3651995456
1 -3.0000000000
2 262.9557915648
3 564.7303924042
0 282.3651995592
1 -3.0000000000
2 262.9557914381
3 564.7303926401
0 282.3651994839
1 -3.0000000000
2 262.9557914569
3 564.7303927811
0 282.3651994633
1 -3.0000000000
2 262.9557914041
3 564.7303926577
0 282.3651997028
1 -3.0000000000
2 262.9557913266
3 564.7303926784
0 282.3651996555
1 -3.0000000000
2 262.9557915340
3 564.7303928186
0 282.3651996260
1 -3.0000000000
2 262.9557914940
3 564.7303926668
0 282.3651996254
1 -3.0000000000
2 262.9557914348
3 564.7303929331
0 282.3651995673
1 -3.0000000000
2 262.9557916354
3 564.7303927719
0 282.3651996506
1 -3.0000000000
2 262.9557915368
3 564.7303926278
0 282.3651995126
1 -3.0000000000
2 262.9557915688
3 564.7303927844
0 282.3651996534
1 -3.0000000000
2 262.9557913818
3 564.7303923672
0 282.3651994620
1 -3.0000000000
2 262.9557915264
3 564.7303927273
0 282.3651996632
1 -3.0000000000
2 262.9557916026
3 564.7303926585
0 282.3651995764
1 -3.0000000000
2 262.9557916150
3 564.7303927415
0 282.3651997050
1 -3.0000000000
2 262.9557915161
3 564.7303925305
0 282.3651996305
1 -3.0000000000
2 262.9557915420
3 564.7303925882
0 282.3651995856
1 -3.0000000000
2 262.9557918138
3 564.7303927489
0 282.3651995668
1 -3.0000000000
2 262.9557916542
3 564.7303928436
0 282.3651996188
1 -3.0000000000
2 262.9557915206
3 564.7303929871
0 282.3651995961
1 -3.0000000000
2 262.9557914372
3 564.7303925409
0 282.3651995971
1 -3.0000000000
2 262.9557918383
3 564.7303926440
0 282.3651994811
1 -3.0000000000
2 262.9557914206
3 564.7303926470
0 282.3651995986
1 -3.0000000000
2 262.9557915022
3 564.7303926279
0 282.3651996671
1 -3.0000000000
2 262.9557917661
3 564.7303928677
0 282.3651996224
1 -3.0000000000
2 262.9557917400
3 564.7303925271
0 282.3651995251
1 -3.0000000000
2 262.9557917227
3 564.7303928346
0 282.3651995686
1 -3.0000000000
2 262.9557915326
3 564.7303927085
0 282.3651996170
1 -3.0000000000
2 262.9557915284
3 564.7303929004
0 282.3651995846
1 -3.0000000000
2 262.9557917893
3 564.7303926845
0 282.3651994815
1 -3.0000000000
2 262.9557914900
3 564.7303926674
0 282.3651996540
1 -3.0000000000
2 262.9557916207
3 564.7303927865
0 282.3651995724
1 -3.0000000000
2 262.9557915119
3 564.7303924482
0 282.3651995835
1 -3.0000000000
2 262.9557914529
3 564.7303922018
0 282.3651994395
1 -3.0000000000
2 262.9557915741
3 564.7303927824
0 282.3651995614
1 -3.0000000000
2 262.9557915245
3 564.7303927947
0 282.3651994853
1 -3.0000000000
2 262.9557915388
3 564.7303926537
0 282.3651995209
1 -3.0000000000
2 262.9557913931
3 564.7303925397
0 282.3651995880
1 -3.0000000000
2 262.9557918939
3 564.7303928175
0 282.3651995699
1 -3.0000000000
2 262.9557916885
3 564.7303927010
0 282.3651995680
1 -3.0000000000
2 262.9557916453
3 564.7303928019
0 282.3651996015
1 -3.0000000000
2 262.9557917308
3 564.7303928204
0 282.3651996342
1 -3.0000000000
2 262.9557916856
3 564.7303924549
0 282.3651994679
1 -3.0000000000
2 262.9557913383
3 564.7303926172
0 282.3651995632
1 -3.0000000000
2 262.9557914453
3 564.7303928220
0 282.3651997029
1 -3.0000000000
2 262.9557915802
3 564.7303929200
0 282.3651996597
1 -3.0000000000
2 262.9557916298
3 564.7303925464
0 282.3651995276
1 -3.0000000000
2 262.9557913462
3 564.7303926396
0 282.3651996798
1 -3.0000000000
2 262.9557917418
3 564.7303925983
0 282.3651995168
1 -3.0000000000
2 262.9557917118
3 564.7303926473
0 282.3651996873
1 -3.0000000000
2 262.9557913305
3 564.7303925802
0 282.3651994465
1 -3.0000000000
2 262.9557915151
3 564.7303926377
0 282.3651996012
1 -3.0000000000
2 262.9557917796
3 564.7303927376
0 282.3651996735
1 -3.0000000000
2 262.9557914375
3 564.7303926426
0 282.3651996972
1 -3.0000000000
2 262.9557916195
3 564.7303924054
0 282.3651996179
1 -3.0000000000
2 262.9557911458
3 564.7303928781
0 282.3651996539
1 -3.0000000000
2 262.9557915738
3 564.7303925263
0 282.3651997179
1 -3.0000000000
2 262.9557916747
3 564.7303927217
0 282.3651995335
1 -3.0000000000
2 262.9557915747
3 564.7303925559
0 282.3651994760
1 -3.0000000000
2 262.9557918616
3 564.7303929842
0 282.3651996665
1 -3.0000000000
2 262.9557916251
3 564.7303924366
0 282.3651995313
1 -3.0000000000
2 262.9557913333
3 564.7303927810
0 282.3651996171
1 -3.0000000000
2 262.9557914643
3 564.7303926741
0 282.3651996144
1 -3.0000000000
2 262.9557915372
3 564.7303921905
0 282.3651997065
1 -3.0000000000
2 262.9557915187
3 564.7303926278
0 282.3651996184
1 -3.0000000000
2 262.9557916076
3 564.7303927130
0 282.3651996139
1 -3.0000000000
2 262.9557918663
3 564.7303927276
0 282.3651994994
1 -3.0000000000
2 262.9557914387
3 564.7303923816
0 282.3651995873
1 -3.0000000000
2 262.9557912875
3 564.7303923866
0 282.3651995368
1 -3.0000000000
2 262.9557911413
3 564.7303926261
0 282.3651995126
1 -3.0000000000
2 262.9557916275
3 564.7303926112
0 282.3651996788
1 -3.0000000000
2 262.9557917010
3 564.7303926386
0 282.3651994847
1 -3.0000000000
2 262.9557915292
3 564.7303925511
0 282.3651995904
1 -3.0000000000
2 262.9557915467
3 564.7303927104
0 282.3651996565
1 -3.0000000000
2 262.9557916131
3 564.7303923165
0 282.3651994805
1 -3.0000000000
2 262.9557916023
3 564.7303927525
0 282.3651998270
1 -3.0000000000
2 262.9557914458
3 564.7303924748
0 282.3651996152
1 -3.0000000000
2 262.9557912949
3 564.7303925560
0 282.3651996061
1 -3.0000000000
2 262.9557914411
3 564.7303925052
0 282.3651998174
1 -3.0000000000
2 262.9557913997
3 564.7303923882
0 282.3651994516
1 -3.0000000000
2 262.9557913544
3 564.7303928045
0 282.3651997247
1 -3.0000000000
2 262.9557916975
3 564.7303925411
0 282.3651996132
1 -3.0000000000
2 262.9557915123
3 564.7303925961
0 282.3651995566
1 -3.0000000000
2 262.9557914673
3 564.7303924647
0 282.3651996718
1 -3.0000000000
2 262.9557913915
3 564.7303926222
0 282.3651994848
1 -3.0000000000
2 262.9557916836
3 564.7303923955
0 282.3651993967
1 -3.0000000000
2 262.9557913732
3 564.7303927433
0 282.3651996765
1 -3.0000000000
2 262.9557915765
3 564.7303927817
0 282.3651996246
1 -3.0000000000
2 262.9557915232
3 564.7303924314
0 282.3651996332
1 -3.0000000000
2 262.9557913094
3 564.7303926011
0 282.3651996612
1 -3.0000000000
2 262.9557914265
3 564.7303925644
0 282.3651995906
1 -3.0000000000
2 262.9557916938
3 564.7303923393
0 282.3651994201
1 -3.0000000000
2 262.9557914653
3 564.7303927142
0 282.3651996070
1 -3.0000000000
2 262.9557915468
3 564.7303922606
0 282.3651995768
1 -3.0000000000
2 262.9557914651
3 564.7303924582
0 282.3651995386
1 -3.0000000000
2 262.9557915580
3 564.7303924216
0 282.3651994243
1 -3.0000000000
2 262.9557915982
3 564.7303923528
0 282.3651996086
1 -3.0000000000
2 262.9557914514
3 564.7303925020
0 282.3651997144
1 -3.0000000000
2 262.9557918892
3 564.7303924479
0 282.3651996787
1 -3.0000000000
2 262.9557913936
3 564.7303923566
0 282.3651995525
1 -3.0000000000
2 262.9557915908
3 564.7303924098
0 282.3651996635
1 -3.0000000000
2 262.9557913796
3 564.7303922919
0 282.3651995612
1 -3.0000000000
2 262.9557913973
3 564.7303923051
0 282.3651997431
1 -3.0000000000
2 262.9557917583
3 564.7303921838
0 282.3651997093
1 -3.0000000000
2 262.9557915953
3 564.7303925728
0 282.3651996240
1 -3.0000000000
2 262.9557916470
3 564.7303927712
0 282.3651994820
1 -3.0000000000
2 262.9557914410
3 564.7303925735
0 282.3651995679
1 -3.0000000000
2 262.9557916652
3 564.7303926041
0 282.3651995812
1 -3.0000000000
2 262.9557914962
3 564.7303926304
0 282.3651996383
1 -3.0000000000
2 262.9557912494
3 564.7303923906
0 282.3651996381
1 -3.0000000000
2 262.9557915539
3 564.7303920958
0 282.3651995273
1 -3.0000000000
2 262.9557913720
3 564.7303921359
0 282.3651996030
1 -3.0000000000
2 262.9557916187
3 564.7303922914
0 282.3651996568
1 -3.0000000000
2 262.9557913201
3 564.7303926091
0 282.3651996044
1 -3.0000000000
2 262.9557915646
3 564.7303927284
0 282.3651995973
1 -3.0000000000
2 262.9557913752
3 564.7303925062
0 282.3651996588
1 -3.0000000000
2 262.9557914138
3 564.7303923448
0 282.3651995930
1 -3.0000000000
2 262.9557915878
3 564.7303923430
0 282.3651996438
1 -3.0000000000
2 262.9557913385
3 564.7303923944
0 282.3651995526
1 -3.0000000000
2 262.9557914122
3 564.7303926736
0 282.3651996083
1 -3.0000000000
2 262.9557913728
3 564.7303922218
0 282.3651995913
1 -3.0000000000
2 262.9557912514
3 564.7303922481
0 282.3651996992
1 -3.0000000000
2 262.9557913815
3 564.7303923212
0 282.3651995304
1 -3.0000000000
2 262.9557913636
3 564.7303922573
0 282.3651995514
1 -3.0000000000
2 262.9557914710
3 564.7303923742
0 282.3651996719
1 -3.0000000000
2 262.9557914512
3 564.7303925938
0 282.3651996103
1 -3.0000000000
2 262.9557911929
3 564.7303924441
0 282.3651995942
1 -3.0000000000
2 262.9557914089
3 564.7303922856
0 282.3651996728
1 -3.0000000000
2 262.9557915661
3 564.7303923121
0 282.3651994848
1 -3.0000000000
2 262.9557916265
3 564.7303924592
0 282.3651996408
1 -3.0000000000
2 262.9557912563
3 564.7303924239
0 282.3651995768
1 -3.0000000000
2 262.9557914739
3 564.7303922728
0 282.3651997157
1 -3.0000000000
2 262.9557914000
3 564.7303925479
0 282.3651996130
1 -3.0000000000
2 262.9557910860
3 564.7303925756
0 282.3651996746
1 -3.0000000000
2 262.9557913416
3 564.7303923298
0 282.3651996973
1 -3.0000000000
2 262.9557916700
3 564.7303921731
0 282.3651995081
1 -3.0000000000
2 262.9557915345
3 564.7303922992
0 282.3651994626
1 -3.0000000000
2 262.9557914474
3 564.7303922390
0 282.3651997907
1 -3.0000000000
2 262.9557911565
3 564.7303922659
0 282.3651996156
1 -3.0000000000
2 262.9557913282
3 564.7303921779
0 282.3651995907
1 -3.0000000000
2 262.9557912527
3 564.7303923477
0 282.3651996323
1 -3.0000000000
2 262.9557911621
3 564.7303922776
0 282.3651997153
1 -3.0000000000
2 262.9557913396
3 564.7303922205
0 282.3651995865
1 -3.0000000000
2 262.9557915895
3 564.7303920967
0 282.3651995922
1 -3.0000000000
2 262.9557915673
3 564.7303921908
0 282.3651998816
1 -3.0000000000
2 262.9557912237
3 564.7303926041
0 282.3651996287
1 -3.0000000000
2 262.9557913911
3 564.7303920284
0 282.3651996734
1 -3.0000000000
2 262.9557913552
3 564.7303920898
0 282.3651995595
1 -3.0000000000
2 262.9557913110
3 564.7303923237
0 282.3651996601
1 -3.0000000000
2 262.9557914404
3 564.7303924615
0 282.3651996964
1 -3.0000000000
2 262.9557912421
3 564.7303924571
0 282.3651994736
1 -3.0000000000
2 262.9557914158
3 564.7303925856
0 282.3651995678
1 -3.0000000000
2 262.9557915184
3 564.7303923116
0 282.3651996124
1 -3.0000000000
2 262.9557917257
3 564.7303922181
0 282.3651995411
1 -3.0000000000
2 262.9557914525
3 564.7303925897
0 282.3651996349
1 -3.0000000000
2 262.9557914553
3 564.7303922589
0 282.3651995253
1 -3.0000000000
2 262.9557913621
3 564.7303926922
0 282.3651995563
1 -3.0000000000
2 262.9557912809
3 564.7303924727
0 282.3651996667
1 -3.0000000000
2 262.9557915094
3 564.7303921740
0 282.3651996289
1 -3.0000000000
2 262.9557914880
3 564.7303924740
0 282.3651996065
1 -3.0000000000
2 262.9557914322
3 564.7303924965
0 282.3651994938
1 -3.0000000000
2 262.9557913467
3 564.7303925533
0 282.3651996250
1 -3.0000000000
2 262.9557918254
3 564.7303925461
0 282.3651995583
1 -3.0000000000
2 262.9557912337
3 564.7303923030
0 282.3651995816
1 -3.0000000000
2 262.9557917561
3 564.7303924066
0 282.3651996816
1 -3.0000000000
2 262.9557915848
3 564.7303925045
0 282.3651995387
1 -3.0000000000
2 262.9557913888
3 564.7303925947
0 282.3651996051
1 -3.0000000000
2 262.9557915130
3 564.7303926568
0 282.3651996729
1 -3.0000000000
2 262.9557915556
3 564.7303925284
0 282.3651995196
1 -3.0000000000
2 262.9557913209
3 564.7303926928
0 282.3651994432
1 -3.0000000000
2 262.9557913136
3 564.7303924422
0 282.3651995757
1 -3.0000000000
2 262.9557913710
3 564.7303924760
0 282.3651996183
1 -3.0000000000
2 262.9557916140
3 564.7303922115
0 282.3651996711
1 -3.0000000000
2 262.9557912647
3 564.7303929032
0 282.3651997861
1 -3.0000000000
2 262.9557914492
3 564.7303925241
0 282.3651996687
1 -3.0000000000
2 262.9557914803
3 564.7303923964
0 282.3651995545
1 -3.0000000000
2 262.9557914986
3 564.7303926421
0 282.3651997745
1 -3.0000000000
2 262.9557914460
3 564.7303927258
0 282.3651995948
1 -3.0000000000
2 262.9557914687
3 564.7303925705
0 282.3651994885
1 -3.0000000000
2 262.9557915207
3 564.7303925141
0 282.3651994523
1 -3.0000000000
2 262.9557913435
3 564.7303926648
0 282.3651994699
1 -3.0000000000
2 262.9557913306
3 564.7303924793
0 282.3651996201
1 -3.0000000000
2 262.9557915567
3 564.7303925506
0 282.3651995905
1 -3.0000000000
2 262.9557913558
3 564.7303926845
0 282.3651997053
1 -3.0000000000
2 262.9557914456
3 564.7303924398
0 282.3651993688
1 -3.0000000000
2 262.9557915783
3 564.7303922233
0 282.3651995737
1 -3.0000000000
2 262.9557916712
3 564.7303926639
0 282.3651996282
1 -3.0000000000
2 262.9557913653
3 564.7303926067
0 282.3651996374
1 -3.0000000000
2 262.9557916512
3 564.7303926693
0 282.3651996361
1 -3.0000000000
2 262.9557917111
3 564.7303924336
0 282.3651995596
1 -3.0000000000
2 262.9557915468
3 564.7303926139
0 282.3651995610
1 -3.0000000000
2 262.9557913572
3 564.7303922410
0 282.3651995695
1 -3.0000000000
2 262.9557915948
3 564.7303925100
0 282.3651995572
1 -3.0000000000
2 262.9557915323
3 564.7303922769
0 282.3651995976
1 -3.0000000000
2 262.9557917984
3 564.7303924897
0 282.3651996431
1 -3.0000000000
2 262.9557914670
3 564.7303925841
0 282.3651995004
1 -3.0000000000
2 262.9557917707
3 564.7303921431
0 282.3651994422
1 -3.0000000000
2 262.9557912435
3 564.7303925820
0 282.3651995040
1 -3.0000000000
2 262.9557911807
3 564.7303926416
0 282.3651994589
1 -3.0000000000
2 262.9557912917
3 564.7303924730
0 282.3651995155
1 -3.0000000000
2 262.9557908648
3 564.7303925497
0 282.3651995868
1 -3.0000000000
2 262.9557913591
3 564.7303925233
0 282.3651994407
1 -3.0000000000
2 262.9557914679
3 564.7303924632
0 282.3651994726
1 -3.0000000000
2 262.9557913944
3 564.7303926198
0 282.3651996047
1 -3.0000000000
2 262.9557915042
3 564.7303925532
0 282.3651994569
1 -3.0000000000
2 262.9557914972
3 564.7303924382
0 282.3651993769
1 -3.0000000000
2 262.9557913142
3 564.7303924945
0 282.3651996063
1 -3.0000000000
2 262.9557916513
3 564.7303925422
0 282.3651995364
1 -3.0000000000
2 262.9557916665
3 564.7303925607
0 282.3651995800
1 -3.0000000000
2 262.9557918883
3 564.7303927406
0 282.3651995173
1 -3.0000000000
2 262.9557914580
3 564.7303924477
0 282.3651995549
1 -3.0000000000
2 262.9557916538
3 564.7303924675
0 282.3651994006
1 -3.0000000000
2 262.9557916337
3 564.7303924125
0 282.3651996478
1 -3.0000000000
2 262.9557912049
3 564.7303924660
0 282.3651995178
1 -3.0000000000
2 262.9557914724
3 564.7303926503
0 282.3651995123
1 -3.0000000000
2 262.9557913949
3 564.7303925093
0 282.3651995606
1 -3.0000000000
2 262.9557913199
3 564.7303925135
0 282.3651994843
1 -3.0000000000
2 262.9557914110
3 564.7303924932
0 282.3651995322
1 -3.0000000000
2 262.9557914550
3 564.7303921318
0 282.3651996648
1 -3.0000000000
2 262.9557914941
3 564.7303925788
0 282.3651996698
1 -3.0000000000
2 262.9557916336
3 564.7303922255
0 282.3651994957
1 -3.0000000000
2 262.9557916208
3 564.7303921559
0 282.3651997213
1 -3.0000000000
2 262.9557914922
3 564.7303920045
0 282.3651996062
1 -3.0000000000
2 262.9557914441
3 564.7303925633
0 282.3651996541
1 -3.0000000000
2 262.9557911083
3 564.7303922545
0 282.3651994799
1 -3.0000000000
2 262.9557912636
3 564.7303925726
0 282.3651996398
1 -3.0000000000
2 262.9557914297
3 564.7303923347
0 282.3651994554
1 -3.0000000000
2 262.9557914861
3 564.7303924381
0 282.3651994640
1 -3.0000000000
2 262.9557914677
3 564.7303924980
0 282.3651996062
1 -3.0000000000
2 262.9557912743
3 564.7303922046
0 282.3651996001
1 -3.0000000000
2 262.9557911952
3 564.7303924179
0 282.3651994817
1 -3.0000000000
2 262.9557914336
3 564.7303923150
0 282.3651994839
1 -3.0000000000
2 262.9557916503
3 564.7303923986
0 282.3651995861
1 -3.0000000000
2 262.9557914551
3 564.7303926641
0 282.3651996120
1 -3.0000000000
2 262.9557914938
3 564.7303924047
0 282.3651995691
1 -3.0000000000
2 262.9557917072
3 564.7303924937
0 282.3651995525
1 -3.0000000000
2 262.9557913851
3 564.7303922672
0 282.3651995337
1 -3.0000000000
2 262.9557913179
3 564.7303925607
0 282.3651994257
1 -3.0000000000
2 262.9557915134
3 564.7303922378
0 282.3651995121
1 -3.0000000000
2 262.9557917569
3 564.7303919604
0 282.3651994358
1 -3.0000000000
2 262.9557917195
3 564.7303923614
0 282.3651995934
1 -3.0000000000
2 262.9557915250
3 564.7303924192
0 282.3651994327
1 -3.0000000000
2 262.9557914255
3 564.7303925343
0 282.3651993659
1 -3.0000000000
2 262.9557913635
3 564.7303925469
0 282.3651995643
1 -3.0000000000
2 262.9557915651
3 564.7303922547
0 282.3651995089
1 -3.0000000000
2 262.9557916582
3 564.7303923128
0 282.3651995770
1 -3.0000000000
2 262.9557917354
3 564.7303921794
0 282.3651996968
1 -3.0000000000
2 262.9557917511
3 564.7303924438
0 282.3651994426
1 -3.0000000000
2 262.9557913355
3 564.7303923140
0 282.3651994316
1 -3.0000000000
2 262.9557914586
3 564.7303925323
0 282.3651996218
1 -3.0000000000
2 262.9557919427
3 564.7303920887
0 282.3651995284
1 -3.0000000000
2 262.9557916645
3 564.7303923609
0 282.3651995801
1 -3.0000000000
2 262.9557914074
3 564.7303926082
0 282.3651996476
1 -3.0000000000
2 262.9557914422
3 564.7303924343
0 282.3651995624
1 -3.0000000000
2 262.9557913991
3 564.7303926194
0 282.3651995755
1 -3.0000000000
2 262.9557914291
3 564.7303924391
0 282.3651995778
1 -3.0000000000
2 262.9557913795
3 564.7303923620
0 282.3651995491
1 -3.0000000000
2 262.9557914942
3 564.7303924410
0 282.3651995626
1 -3.0000000000
2 262.9557914514
3 564.7303921523
0 282.3651995023
1 -3.0000000000
2 262.9557912547
3 564.7303924430
0 282.3651995867
1 -3.0000000000
2 262.9557915864
3 564.7303919903
0 282.3651994930
1 -3.0000000000
2 262.9557916137
3 564.7303923631
0 282.3651996534
1 -3.0000000000
2 262.9557914264
3 564.7303925020
0 282.3651996285
1 -3.0000000000
2 262.9557914892
3 564.7303923963
0 282.3651995628
1 -3.0000000000
2 262.9557910790
3 564.7303923642
0 282.3651995312
1 -3.0000000000
2 262.9557918479
3 564.7303923092
0 282.3651995744
1 -3.0000000000
2 262.9557917473
3 564.7303925566
0 282.3651995085
1 -3.0000000000
2 262.9557912939
3 564.7303924997
0 282.3651995029
1 -3.0000000000
2 262.9557915735
3 564.7303925595
0 282.3651995632
1 -3.0000000000
2 262.9557914221
3 564.7303922392
0 282.3651994387
1 -3.0000000000
2 262.9557916122
3 564.7303924561
0 282.3651995520
1 -3.0000000000
2 262.9557914795
3 564.7303924546
0 282.3651995777
1 -3.0000000000
2 262.9557912208
3 564.7303924267
0 282.3651995434
1 -3.0000000000
2 262.9557917068
3 564.7303923287
0 282.3651996520
1 -3.0000000000
2 262.9557915424
3 564.7303925691
0 282.3651995657
1 -3.0000000000
2 262.9557918718
3 564.7303920063
0 282.3651995838
1 -3.0000000000
2 262.9557914537
3 564.7303920933
0 282.3651995510
1 -3.0000000000
2 262.9557913379
3 564.7303921586
0 282.3651997069
1 -3.0000000000
2 262.9557913490
3 564.7303924218
0 282.3651994277
1 -3.0000000000
2 262.9557913917
3 564.7303925535
0 282.3651995723
1 -3.0000000000
2 262.9557913757
3 564.7303926527
0 282.3651994250
1 -3.0000000000
2 262.9557913854
3 564.7303925518
0 282.3651996381
1 -3.0000000000
2 262.9557912309
3 564.7303924417
0 282.3651995949
1 -3.0000000000
2 262.9557917804
3 564.7303923675
0 282.3651994619
1 -3.0000000000
2 262.9557915909
3 564.7303927569
0 282.3651996339
1 -3.0000000000
2 262.9557911275
3 564.7303924246
0 282.3651995138
1 -3.0000000000
2 262.9557916138
3 564.7303920926
0 282.3651994467
1 -3.0000000000
2 262.9557913223
3 564.7303919837
0 282.3651994201
1 -3.0000000000
2 262.9557913121
3 564.7303925505
0 282.3651996692
1 -3.0000000000
2 262.9557914839
3 564.7303922739
0 282.3651996433
1 -3.0000000000
2 262.9557913165
3 564.7303923290
0 282.3651995336
1 -3.0000000000
2 262.9557914854
3 564.7303924561
0 282.3651996163
1 -3.0000000000
2 262.9557913710
3 564.7303922448
0 282.3651995143
1 -3.0000000000
2 262.9557909254
3 564.7303925648
0 282.3651995150
1 -3.0000000000
2 262.9557911281
3 564.7303923070
0 282.3651993757
1 -3.0000000000
2 262.9557915186
3 564.7303924180
0 282.3651996555
1 -3.0000000000
2 262.9557918379
3 564.7303921885
0 282.3651996185
1 -3.0000000000
2 262.9557913401
3 564.7303922684
0 282.3651994480
1 -3.0000000000
2 262.9557914969
3 564.7303922618
0 282.3651994747
1 -3.0000000000
2 262.9557912939
3 564.7303926752
0 282.3651997368
1 -3.0000000000
2 262.9557913881
3 564.7303923602
0 282.3651994893
1 -3.0000000000
2 262.9557913593
3 564.7303925460
0 282.3651995655
1 -3.0000000000
2 262.9557913389
3 564.7303924959
0 282.3651996428
1 -3.0000000000
2 262.9557914327
3 564.7303925646
0 282.3651994597
1 -3.0000000000
2 262.9557914336
3 564.7303923084
0 282.3651994650
1 -3.0000000000
2 262.9557914837
3 564.7303925779
0 282.3651993868
1 -3.0000000000
2 262.9557911417
3 564.7303926421
0 282.3651996719
1 -3.0000000000
2 262.9557914633
3 564.7303928246
0 282.3651994580
1 -3.0000000000
2 262.9557912202
3 564.7303925924
0 282.3651996689
1 -3.0000000000
2 262.9557913757
3 564.7303925687
0 282.3651995206
1 -3.0000000000
2 262.9557916797
3 564.7303923206
0 282.3651996091
1 -3.0000000000
2 262.9557913788
3 564.7303927079
0 282.3651995884
1 -3.0000000000
2 262.9557915389
3 564.7303923203
0 282.3651995636
1 -3.0000000000
2 262.9557915373
3 564.7303924127
0 282.3651995532
1 -3.0000000000
2 262.9557915044
3 564.7303926413
0 282.3651996081
1 -3.0000000000
2 262.9557913319
3 564.7303924995
0 282.3651994732
1 -3.0000000000
2 262.9557916396
3 564.7303924470
0 282.3651994005
1 -3.0000000000
2 262.9557915433
3 564.7303927357
0 282.3651996258
1 -3.0000000000
2 262.9557916308
3 564.7303924795
0 282.3651996644
1 -3.0000000000
2 262.9557919914
3 564.7303928575
0 282.3651994044
1 -3.0000000000
2 262.9557916903
3 564.7303922050
0 282.3651993517
1 -3.0000000000
2 262.9557923989
3 564.7303921069
0 282.3651992690
1 -3.0000000000
2 262.9557929486
3 564.7303913709
0 282.3651995403
1 -3.0000000000
2 262.9557914836
3 564.7303927953
0 282.3652002967
1 -3.0000000000
2 262.9557916035
3 564.7303926497
0 282.3652001261
1 -3.0000000000
2 262.9557914552
3 564.7303932925
0 282.3652001791
1 -3.0000000000
2 262.9557915920
3 564.7303925910
0 282.3652001988
1 -3.0000000000
2 262.9557913036
3 564.7303929569
0 282.3652002734
1 -3.0000000000
2 262.9557915082
3 564.7303929980
0 282.3652003683
1 -3.0000000000
2 262.9557912317
3 564.7303931132
0 282.3652002412
1 -3.0000000000
2 262.9557912623
3 564.7303927145
0 282.3652002088
1 -3.0000000000
2 262.9557914293
3 564.7303928222
0 282.3652002826
1 -3.0000000000
2 262.9557916943
3 564.7304013358
0 282.3652040093
1 -3.0000000000
2 262.9557915004
3 564.7303996058
0 282.3652034979
1 -3.0000000000
2 262.9557917492
3 564.7303990189
0 282.3652034341
1 -3.0000000000
2 262.9557915402
3 564.7303999286
0 282.3652031784
1 -3.0000000000
2 262.9557914498
3 564.7303996168
0 282.3652034584
1 -3.0000000000
2 262.9557912673
3 564.7303994243
0 282.3652038454
1 -3.0000000000
2 262.9557914294
3 564.7304001868
0 282.3652041781
1 -3.0000000000
2 262.9557915274
3 564.7304004935
0 282.3652043102
1 -3.0000000000
2 262.9557915386
3 564.7304018285
0 282.3652045291
1 -3.0000000000
2 262.9557914249
3 564.7304023509
0 282.3652051297
1 -3.0000000000
2 262.9557913038
3 564.7304035438
0 282.3652053746
1 -3.0000000000
2 262.9557912074
3 564.7304034530
0 282.3652053066
1 -3.0000000000
2 262.9557912420
3 564.7304035877
0 282.3652056890
1 -3.0000000000
2 262.9557914381
3 564.7304040780
0 282.3652057022
1 -3.0000000000
2 262.9557915157
3 564.7304040071
0 282.3652056847
1 -3.0000000000
2 262.9557915326
3 564.7304037715
0 282.3652058510
1 -3.0000000000
2 262.9557911088
3 564.7304043658
0 282.3652056846
1 -3.0000000000
2 262.9557911384
3 564.7304040388
0 282.3652056723
1 -3.0000000000
2 262.9557913774
3 564.7304039082
0 282.3652054464
1 -3.0000000000
2 262.9557914049
3 564.7304031483
0 282.3652050665
1 -3.0000000000
2 262.9557914987
3 564.7304025157
0 282.3652046737
1 -3.0000000000
2 262.9557914314
3 564.7304013839
0 282.3652045862
1 -3.0000000000
2 262.9557914234
3 564.7304014326
0 282.3652044502
1 -3.0000000000
2 262.9557913256
3 564.7304018733
0 282.3652044580
1 -3.0000000000
2 262.9557915292
3 564.7304012509