2 -3.0000000000
3 -3.0000000000
0 282.3651978080
1 -3.0000000000
2 262.9557910454
3 564.7303884450
0 282.3651977373
1 -3.0000000000
2 262.9557901074
3 564.7303886495
0 282.3651978978
1 -3.0000000000
2 262.9557901333
3 564.7303886887
0 282.3651980787
1 -3.0000000000
2 262.9557900439
3 564.7303887676
0 282.3651978106
1 -3.0000000000
2 262.9557901489
3 564.7303887191
0 282.3651977063
1 -3.0000000000
2 262.9557899975
3 564.7303885691
0 282.3651977835
1 -3.0000000000
2 262.9557899122
3 564.7303887122
0 282.3651977258
1 -3.0000000000
2 262.9557897725
3 564.7303887443
0 282.3651977739
1 -3.0000000000
2 262.9557900324
3 564.7303890782
0 282.3651978736
1 -3.0000000000
2 262.9557899729
3 564.7303886940
0 282.3651979905
1 -3.0000000000
2 262.9557899038
3 564.7303887511
0 282.3651977811
1 -3.0000000000
2 262.9557902493
3 564.7303887096
0 282.3651976762
1 -3.0000000000
2 262.9557901540
3 564.7303887931
0 282.3651978574
1 -3.0000000000
2 262.9557900511
3 564.7303888721
0 282.3651978798
1 -3.0000000000
2 262.9557899807
3 564.7303891219
0 282.3651978459
1 -3.0000000000
2 262.9557903518
3 564.7303885545
0 282.3651979848
1 -3.0000000000
2 262.9557902589
3 564.7303887889
0 282.3651977649
1 -3.0000000000
2 262.9557902314
3 564.7303888980
0 282.3651977398
1 -3.0000000000
2 262.9557901724
3 564.7303886315
0 282.3651978544
1 -3.0000000000
2 262.9557898893
3 564.7303885127
0 282.3651979661
1 -3.0000000000
2 262.9557900127
3 564.7303888365
0 282.3651977867
1 -3.0000000000
2 262.9557900668
3 564.7303887007
0 282.3651979044
1 -3.0000000000
2 262.9557899587
3 564.7303888530
0 282.3651978308
1 -3.0000000000
2 262.9557900509
3 564.7303886084
0 282.3651979457
1 -3.0000000000
2 262.9557898502
3 564.7303886384
0 282.3651978373
1 -3.0000000000
2 262.9557899846
3 564.7303886800
0 282.3651978334
1 -3.0000000000
2 262.9557899849
3 564.7303885421
0 282.3651977736
1 -3.0000000000
2 262.9557897350
3 564.7303885836
0 282.3651978557
1 -3.0000000000
2 262.9557898250
3 564.7303885648
0 282.3651978631
1 -3.0000000000
2 262.9557898593
3 564.7303885125
0 282.3651978428
1 -3.0000000000
2 262.9557898570
3 564.7303885871
0 282.3651978272
1 -3.0000000000
2 262.9557900014
3 564.7303886926
0 282.3651977844
1 -3.0000000000
2 262.9557899608
3 564.7303883997
0 282.3651978416
1 -3.0000000000
2 262.9557899682
3 564.7303886325
0 282.3651978494
1 -3.0000000000
2 262.9557900729
3 564.7303886665
0 282.3651979603
1 -3.0000000000
2 262.9557899051
3 564.7303887721
0 282.3651980755
1 -3.0000000000
2 262.9557901224
3 564.7303887343
0 282.3651979386
1 -3.0000000000
2 262.9557901410
3 564.7303886435
0 282.3651977539
1 -3.0000000000
2 262.9557899452
3 564.7303886712
0 282.3651979132
1 -3.0000000000
2 262.9557899741
3 564.7303887322
0 282.3651979020
1 -3.0000000000
2 262.9557902271
3 564.7303885860
0 282.3651978682
1 -3.0000000000
2 262.9557898063
3 564.7303886255
0 282.3651977858
1 -3.0000000000
2 262.9557897752
3 564.7303886111
0 282.3651980094
1 -3.0000000000
2 262.9557899779
3 564.7303886978
0 282.3651980195
1 -3.0000000000
2 262.9557900060
3 564.7303885811
0 282.3651978854
1 -3.0000000000
2 262.9557899840
3 564.7303889132
0 282.3651979630
1 -3.0000000000
2 262.9557894400
3 564.7303886341
0 282.3651978155
1 -3.0000000000
2 262.9557900047
3 564.7303887587
0 282.3651977289
1 -3.0000000000
2 262.9557898643
3 564.7303884451
0 282.3651977944
1 -3.0000000000
2 262.9557898620
3 564.7303886177
0 282.3651978600
1 -3.0000000000
2 262.9557899231
3 564.7303885316
0 282.3651979337
1 -3.0000000000
2 262.9557898551
3 564.7303884511
0 282.3651979730
1 -3.0000000000
2 262.9557897870
3 564.7303885844
0 282.3651978688
1 -3.0000000000
2 262.9557900394
3 564.7303885204
0 282.3651978703
1 -3.0000000000
2 262.9557897270
3 564.7303885756
0 282.3651980375
1 -3.0000000000
2 262.9557899759
3 564.7303886193
0 282.3651979723
1 -3.0000000000
2 262.9557898586
3 564.7303885312
0 282.3651979445
1 -3.0000000000
2 262.9557899500
3 564.7303884317
0 282.3651980193
1 -3.0000000000
2 262.9557900749
3 564.7303885427
0 282.3651978701
1 -3.0000000000
2 262.9557900224
3 564.7303884306
0 282.3651979352
1 -3.0000000000
2 262.9557900054
3 564.7303884618
0 282.3651979097
1 -3.0000000000
2 262.9557900389
3 564.7303884650
0 282.3651978578
1 -3.0000000000
2 262.9557899376
3 564.7303885988
0 282.3651978495
1 -3.0000000000
2 262.9557898692
3 564.7303885660
0 282.3651979090
1 -3.0000000000
2 262.9557898892
3 564.7303884534
0 282.3651977892
1 -3.0000000000
2 262.9557898600
3 564.7303885910
0 282.3651979767
1 -3.0000000000
2 262.9557896412
3 564.7303886134
0 282.3651980224
1 -3.0000000000
2 262.9557899366
3 564.7303884579
0 282.3651979311
1 -3.0000000000
2 262.9557897772
3 564.7303885965
0 282.3651979530
1 -3.0000000000
2 262.9557897558
3 564.7303886022
0 282.3651978022
1 -3.0000000000
2 262.9557897524
3 564.7303885120
0 282.3651979333
1 -3.0000000000
2 262.9557897860
3 564.7303887315
0 282.3651979400
1 -3.0000000000
2 262.9557900061
3 564.7303882915
0 282.3651979151
1 -3.0000000000
2 262.9557900175
3 564.7303882095
0 282.3651978033
1 -3.0000000000
2 262.9557895665
3 564.7303883768
0 282.3651980161
1 -3.0000000000
2 262.9557898114
3 564.7303885489
0 282.3651980602
1 -3.0000000000
2 262.9557895913
3 564.7303886171
0 282.3651979277
1 -3.0000000000
2 262.9557895534
3 564.7303881317
0 282.3651979680
1 -3.0000000000
2 262.9557901772
3 564.7303883913
0 282.3651977890
1 -3.0000000000
2 262.9557898191
3 564.7303884276
0 282.3651978721
1 -3.0000000000
2 262.9557897665
3 564.7303884365
0 282.3651979868
1 -3.0000000000
2 262.9557896495
3 564.7303884075
0 282.3651978867
1 -3.0000000000
2 262.9557899528
3 564.7303882993
0 282.3651979322
1 -3.0000000000
2 262.9557896947
3 564.7303881166
0 282.3651979320
1 -3.0000000000
2 262.9557897511
3 564.7303884010
0 282.3651979488
1 -3.0000000000
2 262.9557895454
3 564.7303881493
0 282.3651978818
1 -3.0000000000
2 262.9557896706
3 564.7303883578
0 282.3651979645
1 -3.0000000000
2 262.9557898683
3 564.7303884754
0 282.3651980876
1 -3.0000000000
2 262.9557898493
3 564.7303884361
0 282.3651980190
1 -3.0000000000
2 262.9557898260
3 564.7303886225
0 282.3651979485
1 -3.0000000000
2 262.9557900179
3 564.7303883312
0 282.3651980835
1 -3.0000000000
2 262.9557898719
3 564.7303887414
0 282.3651978482
1 -3.0000000000
2 262.9557898271
3 564.7303883064
0 282.3651980353
1 -3.0000000000
2 262.9557899629
3 564.7303883417
0 282.3651978764
1 -3.0000000000
2 262.9557896744
3 564.7303884613
0 282.3651978930
1 -3.0000000000
2 262.9557896453
3 564.7303881031
0 282.3651978359
1 -3.0000000000
2 262.9557897653
3 564.7303884603
0 282.3651979957
1 -3.0000000000
2 262.9557898895
3 564.7303883606
0 282.3651978699
1 -3.0000000000
2 262.9557896547
3 564.7303882801
0 282.3651978588
1 -3.0000000000
2 262.9557895639
3 564.7303881991
0 282.3651979834
1 -3.0000000000
2 262.9557897416
3 564.7303883279
0 282.3651980034
1 -3.0000000000
2 262.9557898197
3 564.7303882913
0 282.3651979088
1 -3.0000000000
2 262.9557898180
3 564.7303881913
0 282.3651980085
1 -3.0000000000
2 262.9557899763
3 564.7303883229
0 282.3651978421
1 -3.0000000000
2 262.9557896577
3 564.7303883203
0 282.3651979354
1 -3.0000000000
2 262.9557895795
3 564.7303881805
0 282.3651978299
1 -3.0000000000
2 262.9557896986
3 564.7303884160
0 282.3651980733
1 -3.0000000000
2 262.9557898577
3 564.7303882396
0 282.3651978666
1 -3.0000000000
2 262.9557899739
3 564.7303884513
0 282.3651980632
1 -3.0000000000
2 262.9557894127
3 564.7303885337
0 282.3651978679
1 -3.0000000000
2 262.9557895943
3 564.7303883594
0 282.3651979129
1 -3.0000000000
2 262.9557898740
3 564.7303880801
0 282.3651981180
1 -3.0000000000
2 262.9557897396
3 564.7303884631
0 282.3651979455
1 -3.0000000000
2 262.9557899714
3 564.7303885817
0 282.3651979904
1 -3.0000000000
2 262.9557898748
3 564.7303883672
0 282.3651979803
1 -3.0000000000
2 262.9557895151
3 564.7303882965
0 282.3651980558
1 -3.0000000000
2 262.9557896896
3 564.7303885023
0 282.3651979261
1 -3.0000000000
2 262.9557897851
3 564.7303882057
0 282.3651981135
1 -3.0000000000
2 262.9557897290
3 564.7303882930
0 282.3651980114
1 -3.0000000000
2 262.9557900202
3 564.7303882951
0 282.3651979429
1 -3.0000000000
2 262.9557898888
3 564.7303883734
0 282.3651980527
1 -3.0000000000
2 262.9557894857
3 564.7303882849
0 282.3651981853
1 -3.0000000000
2 262.9557896725
3 564.7303881414
0 282.3651980538
1 -3.0000000000
2 262.9557895507
3 564.7303883680
0 282.3651981382
1 -3.0000000000
2 262.9557895821
3 564.7303883477
0 282.3651980406
1 -3.0000000000
2 262.9557898766
3 564.7303880827
0 282.3651978989
1 -3.0000000000
2 262.9557895054
3 564.7303880757
0 282.3651981712
1 -3.0000000000
2 262.9557897037
3 564.7303883003
0 282.3651981295
1 -3.0000000000
2 262.9557895520
3 564.7303880223
0 282.3651980796
1 -3.0000000000
2 262.9557893859
3 564.7303884201
0 282.3651980879
1 -3.0000000000
2 262.9557895804
3 564.7303882629
0 282.3651978934
1 -3.0000000000
2 262.9557898665
