0 282.3651945865
1 364.9769994089
2 262.9557897758
3 564.7303884290
0 282.3651950062
1 364.9769999983
2 262.9557899099
3 564.7303885107
0 282.3651946612
1 364.9770002263
2 262.9557898370
3 564.7303885479
0 282.3651947353
1 364.9770004619
2 262.9557896816
3 564.7303886773
0 282.3651946026
1 364.9770007170
2 262.9557899681
3 564.7303885144
0 282.3651943750
1 364.9770010473
2 262.9557898248
3 564.7303885391
0 282.3651949182
1 364.9770012254
2 262.9557899012
3 564.7303884362
0 282.3651947646
1 364.9770016147
2 262.9557896591
3 564.7303886257
0 282.3651943260
1 364.9770017270
2 262.9557897510
3 564.7303886035
1 364.9770016371
2 262.9557899998
3 564.7303884878
0 282.3651945707
1 364.9770024705
2 262.9557898049
3 564.7303881256
0 282.3651939129
1 364.9770023501
2 262.9557897688
3 564.7303889709
0 282.3651945548
1 364.9770029199
2 262.9557895457
3 564.7303885397
0 282.3651940600
1 364.9770027837
2 262.9557897352
3 564.7303881577
0 282.3651946057
1 364.9770029303
2 262.9557896216
3 564.7303884780
0 282.3651944029
1 364.9770031542
2 262.9557897502
3 564.7303884299
0 282.3651940748
1 364.9770033350
2 262.9557896857
3 564.7303882107
0 282.3651946440
1 364.9770034104
2 262.9557895184
3 564.7303887648
0 282.3651939702
1 364.9770035937
2 262.9557893289
3 564.7303883975
0 282.3651943647
1 364.9770037124
2 262.9557897597
3 564.7303885222
0 282.3651934549
1 364.9770040848
2 262.9557892640
3 564.7303883589
0 282.3651936457
1 364.9770044209
2 262.9557893808
3 564.7303886669
0 282.3651944280
1 364.9770045467
2 262.9557894008
3 564.7303884298
0 282.3651933121
1 364.9770051258
2 262.9557895401
3 564.7303881568
0 282.3651937726
1 364.9770053824
2 262.9557891498
3 564.7303883933
0 282.3651938309
1 364.9770057010
2 262.9557893597
3 564.7303882208
0 282.3651947362
1 364.9770063027
2 262.9557893577
3 564.7303883562
0 282.3651944053
1 364.9770067275
2 262.9557889901
3 564.7303889425
0 282.3651938899
1 364.9770075845
2 262.9557890447
3 564.7303886105
0 282.3651942374
1 364.9770075197
2 262.9557893181
3 564.7303884064
0 282.3651942063
1 364.9770081632
2 262.9557888419
3 564.7303885148
0 282.3651942258
1 364.9770086859
2 262.9557893765
3 564.7303886798
0 282.3651940503
1 364.9770090079
2 262.9557888887
3 564.7303889409
0 282.3651938226
1 364.9770096895
2 262.9557892407
3 564.7303885721
0 282.3651941433
1 364.9770098637
2 262.9557889930
3 564.7303882572
0 282.3651937591
1 364.9770104395
2 262.9557890155
3 564.7303883957
0 282.3651943391
1 364.9770110551
2 262.9557887711
3 564.7303886320
0 282.3651941848
1 364.9770117083
2 262.9557889957
3 564.7303884147
0 282.3651941286
1 364.9770120000
2 262.9557886217
3 564.7303890542
0 282.3651941470
1 364.9770125318
2 262.9557888063
3 564.7303882821
0 282.3651940361
1 364.9770130356
2 262.9557887199
3 564.7303887435
0 282.3651935794
1 364.9770134306
2 262.9557886608
3 564.7303882100
0 282.3651941181
1 364.9770135994
2 262.9557883158
3 564.7303882158
0 282.3651940859
1 364.9770144744
2 262.9557882382
3 564.7303883440
0 282.3651939321
1 364.9770146415
2 262.9557882309
3 564.7303882082
0 282.3651933820
1 364.9770151664
2 262.9557882386
3 564.7303884057
0 282.3651935695
1 364.9770152994
2 262.9557885055
3 564.7303885192
0 282.3651941286
1 364.9770157905
2 262.9557878990
3 564.7303885437
0 282.3651937607
1 364.9770162730
2 262.9557883076
3 564.7303890241
0 282.3651936960
1 364.9770164199
2 262.9557884381
3 564.7303887302
0 282.3651941728
1 364.9770167332
2 262.9557884928
3 564.7303889867
