0 282.3652000893
1 -3.0000000000
2 262.9557940085
3 -3.0000000000
0 282.3651985626
1 -3.0000000000
2 262.9557931475
3 -3.0000000000
0 282.3651976811
1 -3.0000000000
2 262.9557931157
3 564.7303940274
0 282.3651970995
1 -3.0000000000
2 262.9557927689
3 564.7303937210
0 282.3651965888
1 -3.0000000000
2 262.9557926500
3 -3.0000000000
0 282.3651976595
1 -3.0000000000
2 262.9557925948
3 564.7303940607
0 282.3651969566
1 -3.0000000000
2 262.9557924610
3 564.7303938416
0 282.3651968609
1 -3.0000000000
2 262.9557923935
3 564.7303938000
0 282.3651968875
1 -3.0000000000
2 262.9557924708
3 564.7303938205
0 282.3651966157
1 -3.0000000000
2 262.9557918927
3 564.7303939592
0 282.3651967900
1 -3.0000000000
2 262.9557921653
3 -3.0000000000
0 282.3651965362
1 -3.0000000000
2 262.9557921207
3 564.7303935549
0 282.3651968797
1 -3.0000000000
